80 30 62
3 70 14 78 
5 26 3 32 61 80 
4 76 44 68 21 
4 46 11 58 67 
5 51 35 7 59 79 
2 4 8 
3 43 38 77 
6 71 9 19 22 60 7 
4 67 54 61 33 
6 26 18 30 31 46 56 
5 6 10 57 61 76 
8 61 20 30 34 39 49 19 66 
6 36 30 33 6 64 80 
5 64 36 46 13 73 
2 80 44 
3 13 32 51 
4 64 43 10 80 
2 12 45 
4 37 25 4 62 
2 13 44 
2 60 80 
4 80 33 38 15 
5 48 3 2 64 80 
3 41 11 48 
1 41 
5 21 10 52 69 75 
3 34 32 40 
4 15 1 20 49 
4 38 31 1 54 
5 50 23 26 39 6 
3 37 35 43 
2 12 4 
2 13 1 
4 53 51 58 76 
5 56 17 44 45 13 
2 31 51 
5 65 20 28 64 9 
5 54 24 10 56 67 
5 41 35 47 50 60 
6 80 33 54 69 77 17 
4 67 47 6 75 
7 73 18 19 24 26 68 10 
5 72 22 42 70 4 
3 42 58 67 
6 19 8 20 32 36 53 
1 35 
3 29 19 6 
5 39 4 3 47 56 
0
5 38 46 57 66 72 
2 14 59 
6 75 22 41 71 7 76 
7 46 42 43 36 54 55 71 
3 14 27 35 
0
3 65 31 73 
3 63 51 78 
0
5 40 17 8 45 73 
2 71 22 
5 7 37 49 55 69 
2 47 24 
6 28 7 25 6 40 50 
8 36 11 13 21 22 4 38 58 
11 50 8 11 13 16 36 42 4 52 61 77 
3 11 44 70 
1 57 
3 39 16 13 
7 60 17 35 36 6 61 75 
3 65 53 41 
1 43 
2 73 6 
4 6 35 54 69 
5 35 32 36 58 75 
6 47 22 10 50 72 78 
0
2 47 75 
3 65 22 4 
5 43 28 16 57 74 
3 34 14 68 
