40 400
3 39 131
39 38 356
17 3 358
29 38 448
3 12 696
15 3 100
15 6 259
27 15 697
37 29 758
15 19 534
15 31 62
27 28 243
27 16 83
12 9 18
25 6 754
14 39 39
28 26 403
36 39 389
9 1 74
10 15 761
12 34 560
17 7 768
15 30 32
29 33 153
34 23 65
16 22 480
4 23 794
24 7 735
36 13 390
11 38 510
40 23 48
20 25 238
21 4 584
34 32 434
22 35 72
8 1 645
18 1 388
31 2 458
5 39 349
24 15 460
31 11 459
31 4 202
22 22 277
6 21 555
13 37 522
11 25 584
8 2 57
18 32 265
33 31 691
40 3 288
19 11 168
21 39 11
27 35 537
8 13 87
37 12 474
31 8 564
8 18 232
22 19 279
11 23 550
12 11 736
9 19 393
34 33 434
2 6 36
15 35 137
25 40 84
3 6 523
7 39 312
18 17 784
8 10 11
14 4 197
4 2 372
11 40 392
23 30 243
22 27 361
5 33 574
26 22 370
27 39 674
37 4 33
26 33 679
23 26 556
10 10 274
28 22 595
27 32 652
10 6 800
5 24 544
13 10 764
32 33 339
38 4 279
39 11 317
24 16 734
35 38 577
5 20 790
24 19 428
17 39 104
22 17 97
11 1 141
32 39 345
18 21 225
28 25 503
26 17 630
32 25 7
10 12 97
9 16 47
35 40 539
21 28 711
11 28 340
6 8 598
4 7 614
16 18 67
3 20 368
20 39 236
32 22 271
20 34 133
5 6 5
23 6 431
30 11 315
21 32 785
20 23 63
13 13 290
19 1 86
2 22 459
3 10 712
5 2 737
8 17 256
7 37 256
3 24 539
9 31 197
33 11 251
22 11 342
9 29 164
15 26 24
19 20 605
30 9 495
21 21 363
2 40 571
30 16 532
23 12 436
29 27 188
26 8 178
11 37 129
19 30 286
22 9 733
5 13 181
24 11 108
16 5 578
8 30 1
35 10 161
7 9 511
1 10 32
14 30 481
19 32 586
36 25 114
23 14 405
13 24 711
23 1 766
34 31 177
5 25 375
40 29 616
15 1 411
19 28 715
21 31 302
9 20 93
27 20 141
28 28 748
3 30 698
31 10 291
16 23 136
36 33 96
29 22 340
40 12 73
1 5 357
9 27 556
32 14 321
37 19 146
33 1 323
9 24 279
20 14 101
34 5 19
4 33 218
24 12 677
3 36 96
26 4 435
36 40 375
40 17 188
10 30 290
26 31 305
28 31 621
12 18 477
28 18 207
16 3 12
23 32 567
1 14 443
17 34 696
14 6 143
12 7 119
24 14 499
32 28 300
40 32 166
32 31 678
22 10 180
37 9 727
12 20 260
6 33 677
10 14 278
12 8 783
20 26 747
16 39 134
25 1 582
17 33 289
22 20 615
9 6 77
22 23 707
16 7 534
7 18 572
31 17 314
15 37 262
24 40 567
39 12 359
28 15 194
14 27 756
8 28 502
25 2 10
10 11 7
19 12 479
14 34 747
10 26 717
6 6 256
9 28 539
25 17 144
12 2 669
24 21 552
35 33 34
1 29 578
1 13 512
2 36 516
11 6 127
31 13 689
17 29 718
29 12 775
14 21 431
21 9 280
23 29 357
7 15 417
8 35 34
31 6 189
39 28 276
19 33 768
31 36 92
22 4 533
38 2 233
38 14 92
14 2 379
39 37 550
37 40 64
22 12 785
33 38 406
27 25 362
19 25 183
16 29 119
40 6 14
23 7 608
5 15 505
18 13 2
36 5 53
10 25 118
34 36 187
7 30 59
27 8 746
38 22 651
29 30 751
25 16 640
13 11 324
16 31 68
37 34 602
25 33 431
37 24 785
8 5 604
33 7 589
37 30 194
39 19 285
4 25 398
40 8 616
9 40 772
19 36 55
39 39 685
34 40 489
31 27 134
2 27 499
34 26 485
26 40 529
40 14 751
1 38 502
13 30 766
32 9 782
5 3 787
1 4 441
21 26 496
38 21 454
30 33 544
37 3 335
25 25 173
37 17 518
19 4 243
5 11 485
22 21 735
18 29 84
23 19 248
15 36 577
15 32 748
27 10 98
31 25 569
22 8 647
25 35 56
10 40 280
7 40 367
24 20 502
19 26 517
17 2 483
20 31 472
3 25 91
37 20 726
33 27 14
23 23 690
5 7 547
3 4 708
38 24 603
17 6 456
34 13 256
24 6 25
10 36 146
23 39 542
6 27 333
27 21 642
20 15 592
24 26 397
22 25 156
29 4 412
31 3 482
28 1 43
21 2 286
14 18 754
16 11 772
37 6 27
35 16 405
12 26 115
35 9 325
38 37 305
37 31 239
25 13 405
15 40 152
11 3 356
15 16 135
5 9 405
1 26 320
19 31 52
1 36 333
33 14 194
9 36 166
4 27 784
35 11 13
4 15 115
22 24 685
37 10 598
6 7 762
2 37 264
3 22 473
23 35 387
3 28 429
14 8 119
4 8 384
31 7 153
13 38 660
30 35 26
5 10 523
29 13 575
21 35 404
9 39 716
20 29 30
21 17 742
24 31 279
5 17 230
16 8 16
36 20 271
17 9 485
10 34 438
11 2 465
27 38 784
16 2 149
27 36 117
9 23 82
30 21 774
1 16 446
39 4 432
11 27 63
15 11 441
6 13 785
21 5 626
15 21 418
36 37 212
32 2 387
