22222
3272
24882
29048
25497
24882
11974
12756
3272
24882
24882
30733
24644
7097
12178
3272
24882
2004
17991
38608
33855
3272
9512
24882
27278
28863
7010
3271
6896
24882
5228
12648
7991
39992
4553
31774
33421
42013
24882
11694
22675
24882
35181
36580
24882
24882
27007
32634
28871
34093
12577
24882
9228
45958
24046
24882
24882
11826
43293
1803
3990
24882
3272
26756
28919
24882
31040
12706
12934
14610
26921
12411
24882
24988
29540
24882
37371
18036
19063
30111
41828
24882
16441
11361
24882
29251
22916
24882
43322
31044
9441
15369
24882
22521
24882
13639
24882
13604
2147
3272
10635
43851
17850
24882
26301
1476
42212
26989
40047
32190
40230
1540
9143
25566
24882
26452
24882
32948
29422
24882
27303
24590
9893
43734
7764
30651
24882
25673
3510
24882
28986
24882
8643
18632
24882
30626
23386
25057
4717
3272
24882
4978
10157
41538
24882
23542
22413
28158
24882
35166
7235
23370
24882
7653
18785
8316
27406
24882
28031
24882
35927
16955
24882
25700
3796
13729
5146
41031
24882
10026
39617
26389
3031
39696
30744
30772
24882
27966
20615
5123
25046
22766
3575
14551
26383
46134
35428
43580
24882
30461
9788
30173
16199
5643
24882
24882
29699
18147
18985
24882
37933
37435
26518
24882
31919
41250
4110
24882
26618
24882
3272
10940
24874
21788
3636
9644
26558
10121
24882
24882
14451
33538
24882
13460
44142
24882
5560
35266
44372
12292
13902
26900
29846
43590
24882
33661
23975
30824
27523
11050
17380
24882
20781
10706
43094
3272
24882
36504
12193
24882
25961
3832
24882
6599
6004
2127
9758
24882
29048
40945
21475
24882
7945
9453
40403
24882
40090
26902
7835
24178
24882
26774
24882
9850
25665
24882
24882
23863
43865
24882
4063
26412
39612
24882
9205
28418
24882
5232
11172
36692
24882
29087
24882
28692
24882
24882
26688
24882
3272
24882
24882
37236
26667
10106
3272
24882
45252
3588
2354
38556
24882
3272
27577
24937
43276
41079
2846
24882
24882
33156
24882
14240
23833
10324
1668
24882
26036
13010
1395
24882
24882
17103
10138
40413
5209
24882
23028
24882
25229
24882
26919
23716
36533
24882
37888
210
32367
659
24406
10929
29056
28838
27526
2530
31427
14703
24857
25362
16827
14102
27089
27599
29280
24882
20500
5677
8995
35856
25069
12607
17581
24882
30646
24882
23815
1979
8082
28533
24882
39840
24882
13984
14062
9189
25300
9146
38482
17784
39531
14846
9360
4084
19982
24882
9806
27558
24882
14466
24882
371
24882
10419
24882
13028
26928
27908
24882
5171
42053
27105
579
40010
15872
25690
44148
7216
4661
25640
31704
7959
44758
12833
28283
5329
24882
24882
8521
24882
24507
24882
42396
24882
33570
2430
1411
10610
24882
24882
24882
6880
3697
41223
27117
5674
24882
14282
24882
10942
25550
35670
24882
36714
14669
24882
26968
24882
13443
24882
22717
24882
4465
4653
24882
24882
42124
16430
774
12056
28599
4391
26235
17874
40182
5033
24882
29524
3272
28341
25664
24882
24882
24882
24882
24882
264
28202
26432
24882
27434
16273
24882
11989
9212
15497
27789
24882
24882
21064
24882
42840
2835
33371
24882
29004
14579
24882
24882
39659
24882
17972
25788
38446
31613
27868
8855
3272
29218
24882
24882
23616
24882
24882
24882
23752
24882
29399
6121
7747
24882
24882
26050
18643
37013
3272
28715
16098
31133
11641
24882
28718
558
24882
25313
24882
24882
13860
27406
27573
8727
13222
32431
30850
8876
6646
19983
20909
45672
19962
24882
13334
15626
24882
14485
28219
24882
35227
8142
18818
27080
32892
32606
39163
27488
6272
30323
25305
24882
27512
39640
7004
9276
8281
913
30971
20994
35150
44956
3272
24882
4371
30563
16549
37934
10575
24882
3081
25279
24882
18013
2178
9973
6326
24882
23741
12291
31137
24882
26539
41018
19306
13371
24882
34092
24882
3272
2385
3889
26947
4403
30019
3272
41042
5045
6804
2371
24882
28495
27332
24882
42862
24562
41190
24882
24882
24652
26784
28662
28813
24882
24882
4176
6236
28406
41159
9278
30410
27821
25782
25865
1342
24882
29328
33218
3272
21955
3272
30204
13408
4450
8686
31004
26710
3272
3272
4230
415
30121
22818
5639
14675
2173
41851
8023
22668
44003
12907
24882
15354
24882
31177
24882
26190
10706
23459
3272
23572
8369
23234
24882
41400
10572
45089
12755
8225
32911
23102
13294
24882
35510
2370
24882
8171
25523
5851
24882
28543
10945
13374
28155
33498
7316
24882
19283
42999
8423
24882
24882
26917
45915
39919
26976
6008
24882
12722
36275
38935
3561
26563
41894
32310
1306
26654
6591
7239
21478
33263
3272
13412
3416
34569
24882
24882
24882
25912
24882
24882
24882
40130
5674
26771
24882
9703
24882
6323
20509
24882
24882
24882
5300
24882
38252
40607
24882
1904
24882
40884
24882
24882
4209
24882
6122
24882
31054
38719
24486
6136
18684
31842
28882
24882
14997
24882
24882
9174
24882
24882
24882
24882
43118
28453
14794
24452
24882
3272
20581
8293
3272
24882
29125
26597
24882
24882
10192
3272
24882
41122
24882
28896
6749
9799
30312
35516
24882
19294
36565
27674
24882
17413
24882
26894
8833
28506
30558
24882
3852
4597
1652
26030
33232
8209
25876
12532
24882
33854
23031
21727
30570
128
24882
23430
3531
33435
27886
27883
24882
3272
24882
42595
25276
24783
25618
3272
30302
18846
3272
5465
13568
7441
3272
24882
12085
24882
24882
40911
40393
11287
28310
11224
24882
27483
24882
9938
24861
43144
14110
24882
29585
748
26848
25020
34461
24882
35434
23905
3272
14793
24882
40002
43235
36154
24882
33151
29669
6609
24882
9918
24882
24882
27952
24882
6842
39599
26658
24882
14490
24882
24882
30903
29419
45792
24882
6999
34028
20308
45723
24882
15853
24882
19783
29329
29859
22726
22976
10583
25898
39151
30245
24882
74
28400
24882
41391
24882
24613
7169
5958
24882
514
5051
29278
34799
10960
1485
13198
11688
9753
24882
28786
36926
24882
27900
9072
25377
34337
19112
2141
30617
24481
10898
24882
25395
187
5713
2821
24882
40570
30803
17402
33392
40484
24882
5160
9032
24882
9469
4883
33181
8772
4694
2296
23579
44649
23472
1079
22137
4695
27723
35964
14889
9928
14158
5448
31045
24882
43729
24882
24145
24882
24882
11803
32393
24882
20160
3272
23368
13373
24882
13253
4705
29641
9566
16062
40451
6394
12934
24882
24882
24882
37302
24882
3272
9233
24882
43749
24882
16487
9621
24882
23270
24882
8164
45846
24882
13863
3429
44489
24555
24882
8530
31398
24882
27213
25785
1954
31119
24882
13133
24882
6483
21148
33257
3272
7353
11684
24864
24882
31149
3272
5876
24882
22739
31044
24882
29421
24882
28992
24882
24882
25975
26940
20759
12414
17343
11588
24882
24882
1611
34727
29910
43281
24882
26232
19933
2046
4086
24882
13153
8663
16314
4801
13402
25107
7912
38726
35782
28167
28693
24882
7900
38716
24882
24882
24882
16332
27630
37884
13884
36429
39564
25179
24882
24882
12950
3272
25480
9280
293
37952
24882
32795
24882
140
24882
44247
24882
24882
11226
27576
30540
14293
40416
35017
29926
9608
14978
24882
7117
4143
28000
32049
24529
32126
5133
7936
27563
24882
42553
8743
39051
38990
3272
25755
251
24882
32516
2313
27105
5549
3272
23717
1051
44235
29440
24882
14882
6017
3272
6084
26201
34716
30634
3279
28740
6584
37125
13084
15420
27079
41370
29897
21476
11689
23404
31103
24882
24882
25267
28220
24882
11169
24882
26100
33849
16278
5089
24882
24882
37254
3848
10941
3272
37355
31684
24882
37416
22972
35896
38387
33798
878
26628
26455
14366
24882
29491
33042
3272
9192
24882
7905
3272
24882
29026
23325
8826
13218
26497
29172
26551
42937
28262
24882
4223
24882
26556
30755
24882
29805
3272
27101
24882
29978
12667
28413
9757
40684
5810
7622
7192
16773
26726
24882
42658
28584
14598
24882
17559
39472
24882
30147
4099
24882
31748
28522
24882
28571
421
30494
30824
14288
24882
38785
8532
28642
24005
8416
24293
4878
26524
7251
25895
24882
36432
30270
19502
15272
1725
24882
24882
31991
14408
24882
28600
12988
24882
8223
26224
24882
24882
24882
9672
4808
9931
24882
934
26780
28715
23091
24882
3272
24882
12622
24882
43288
24882
24882
24882
24882
24065
41805
27472
8539
17476
2120
37900
24882
24882
33694
24882
24882
18458
24882
11097
17994
24882
10824
27787
15966
9588
24882
13834
21449
30050
3272
26312
5435
42551
31152
18468
35976
12271
24882
39162
19521
20125
24882
11301
6898
30176
7095
24882
24882
24882
24882
24882
24882
24882
24882
13461
19910
12993
37242
27373
28615
22639
8026
7008
28165
9632
24882
24882
18104
43011
12553
24882
25586
24882
7209
3272
24882
24882
24882
22451
3453
5995
24882
3272
32585
32436
15179
11831
24882
27940
25408
27659
24882
28176
28245
24882
24882
3272
4794
35592
3272
24882
19544
9617
29331
15813
13171
44927
13125
24882
29755
44727
24882
17181
30325
7368
24882
27386
24882
24882
24882
30940
22376
26989
43503
6691
24882
33551
24882
12318
24882
19995
4078
23554
24882
3272
24882
13094
28683
14441
32384
45514
24882
35999
19081
24882
14059
9373
43946
12065
15485
24882
25701
31105
24230
24037
26045
3255
24882
14141
13421
24882
17795
24882
24536
36733
10200
41448
8748
37481
24882
7518
907
33486
24882
24882
18046
24882
24882
28381
11893
24882
29477
39335
36055
24882
28755
6111
24882
24882
37365
25444
11101
5339
38219
31157
20880
24046
10512
8564
35595
5121
28243
16380
30814
23102
11558
11717
3272
12906
37778
24882
1971
42047
24882
34328
27461
15758
31497
28631
24882
24882
12731
22165
24882
13824
29092
24882
24882
24882
2135
8076
30038
44041
39438
24882
29166
24882
24882
24882
34192
26710
5459
24882
20891
9779
32998
29310
40804
30376
27972
24882
27835
24882
27865
3882
9439
25705
24882
5912
29824
24882
27513
24882
12970
28626
36426
31414
11754
24882
9104
424
1516
30079
7151
3344
38371
7507
5943
30672
11855
30148
30714
26826
24882
24882
24882
8598
15331
8048
29254
2834
6943
26568
24882
21208
21636
25461
3272
5170
26385
13489
34220
24882
27443
9639
24882
15262
7422
34717
10829
9515
12652
27810
25857
8307
39317
24882
24882
21528
24882
31202
14182
3272
24494
24882
28723
24882
24882
9266
28867
3272
24882
46067
21027
29069
22092
24882
4505
3921
24998
1008
28766
24882
2172
24882
25965
26462
3272
10579
24882
42692
28434
24882
24882
24882
39656
31689
20144
40157
44548
25264
11681
18638
30383
28304
12275
24882
36496
24882
18416
24882
3674
44137
33877
4997
15147
9820
1268
32697
24882
24882
1587
6185
19531
26603
30498
3272
24882
7802
24882
24882
22041
43047
34699
13911
3272
36022
25596
27573
7185
18755
24882
29260
24882
24882
30454
24882
6871
4813
24882
24882
24882
5092
16744
11980
24882
37881
24882
24882
42682
29334
24882
25435
24882
40857
20054
23177
7193
19656
24882
27805
27229
24882
35691
31077
24882
24882
36156
36627
24882
4068
24882
24228
25327
24882
8673
24882
28821
36935
35994
12183
8988
26596
24882
25957
24882
24882
45352
38925
29795
39740
31642
11296
7643
25780
24882
24882
29997
22919
24882
25897
28897
42547
29917
24882
24882
27067
24882
24882
26151
22583
25072
29368
33495
39267
14022
24882
27934
24882
23453
8635
10224
24882
24882
28569
26607
29167
7438
18437
9318
30745
13797
24882
4453
24882
24882
24882
10784
11875
24882
16805
25031
7560
6525
24882
6413
43412
30534
4197
26555
860
6230
11770
36198
30711
24882
24882
24882
24882
24882
24882
24938
11616
19895
24882
7086
111
24882
7683
17885
12172
3272
12279
2295
24882
24882
22689
32749
31191
9674
5550
2955
24882
24882
23757
38088
24882
24882
28790
24882
25564
24882
31346
29727
39222
7875
3272
30674
24882
23643
24882
24882
4405
9668
26682
14011
24882
24882
3670
25965
3272
13053
3272
10113
24882
25015
22488
24882
40081
10095
24882
24882
7292
45754
24882
9934
18303
13358
20962
35430
8093
25962
29131
39188
35735
43098
39741
28223
8168
13595
24882
3806
24882
26776
6235
42645
24882
10440
7882
2104
16871
24882
24882
24882
29532
24882
28667
24882
37396
10573
25355
10799
27263
4343
24882
33338
16682
3596
29073
10944
10837
24882
24882
3272
42504
1134
4981
28499
30256
33217
5069
19291
15962
13186
24010
11180
11798
29710
30806
30513
27321
23607
42371
24882
24882
27392
22359
9759
24882
21855
24860
45549
44810
28264
38244
17643
7346
652
44223
30876
24882
31014
24882
32134
25452
35092
16203
24882
16295
11674
39595
19363
23937
14770
3531
34736
21938
11501
24882
6108
15803
24882
38707
24882
26493
24882
13854
10900
42174
29820
8759
27123
22208
3072
24882
19452
3272
24882
24882
24303
40879
1083
24882
28380
43976
11731
30276
3014
24882
3272
24882
26781
27780
24882
24882
6273
10591
8820
24882
24882
10927
45877
17467
24882
28402
45698
30169
7902
24882
13673
45822
27009
43373
1617
25779
27364
26711
44870
24882
28830
24882
24882
24882
6713
15296
43102
25287
24882
19586
24915
24882
4159
23640
1168
24882
26011
28586
21063
39664
16011
18718
15122
396
9005
23955
4982
23759
6075
26013
25711
15322
30351
22012
9097
13914
24882
24882
28355
28007
3272
30909
29277
27462
27555
14264
24882
7479
2705
7406
29657
3272
24882
34497
27938
18336
30366
28947
24882
30853
71
11608
725
8982
3272
26110
5220
43260
27780
26737
24882
3272
21160
9476
21875
19549
12501
43725
28745
24882
7910
24882
10894
3272
43218
40319
39685
7709
3272
11214
5075
29297
35813
4115
23732
4023
18490
24882
38232
26824
23999
24882
19305
24882
17732
8868
41260
31024
3272
6251
21847
19645
3272
29186
45001
31076
9205
24882
30038
24882
24858
38680
24882
24882
27968
24882
17018
11346
24882
18137
24356
39703
13444
29359
29664
3272
38366
4701
24447
24882
24882
28861
24882
24882
24882
24882
24882
13831
4290
24882
31095
43024
28446
21960
23595
9502
18668
12101
24882
24882
24637
3272
1075
4265
36740
25925
14980
24882
24882
37938
4277
24882
24882
9732
13756
14706
30552
26585
7641
28358
23191
16688
24882
29891
26988
5425
44530
7452
24890
27616
26106
18824
13203
44054
19682
46138
12497
31137
24882
12316
12630
21116
25082
18112
32234
3272
4658
39047
6625
24882
3621
7667
43070
9701
24882
24882
22601
24882
5699
41641
11835
26690
6506
30092
20543
45462
28586
11495
37565
29306
43695
36064
7922
24882
5813
8348
24882
27846
13524
30303
12870
22864
24882
19457
11061
7688
4636
24882
38307
24962
916
5798
24688
40992
3272
17406
29469
24673
21722
24991
6220
4825
14172
5875
24882
23354
29589
24882
25954
5221
13326
21152
24882
44853
10682
37270
27454
42080
45050
24882
24882
13421
23385
3246
32640
34932
5268
28421
4691
13536
166
38861
13507
42644
36015
22738
28899
24882
6109
24882
26263
20524
11649
11482
24041
39791
19041
24882
5216
29626
37212
3272
27169
27830
9945
24882
24882
10571
24882
44210
23765
4896
14162
12796
3157
9347
29129
37318
24882
8862
24882
633
24882
24421
27541
23959
10072
11011
3272
11268
25209
24882
22716
18572
23573
28073
29823
30787
34674
23522
7417
21934
8581
24430
1469
26133
18990
17015
12564
29394
19157
5285
27008
32690
30322
44915
33853
13918
14305
29272
26538
6288
32441
14627
33105
30917
27139
24882
25198
3272
24882
25931
21046
38797
42453
28287
11546
45926
30078
4393
22670
24882
11038
44564
3764
37113
30454
24882
33261
24882
27349
25641
24882
3272
24882
32598
24882
24882
28729
7581
13705
29667
24882
45049
32382
39607
3454
24882
24882
37017
24882
34679
6194
10118
24882
36450
24882
24882
24882
9973
5942
30012
9016
24882
24882
4627
24882
29143
3272
6321
43850
9174
37573
9749
15854
34622
36046
22855
24882
19379
37021
12549
14345
2746
24882
24882
30096
28969
24882
24882
7405
27037
24882
24882
24882
7287
43817
28360
2627
24882
846
11110
4876
23584
9743
17219
24882
34427
15378
44551
34149
4962
283
24882
9344
24882
1793
24882
24882
27496
34031
30697
13127
44971
24882
44519
3191
24882
7445
24882
28812
8810
9767
43524
24442
30811
3272
5234
4498
27259
7792
6099
25506
7811
23142
45507
27407
10314
24882
30435
24882
24882
24882
13234
24882
31196
24882
13224
24882
12830
29585
11282
24882
24882
24882
27510
28789
24882
26958
26547
20360
12569
31359
24882
5512
26661
39824
36969
24882
7992
11117
4692
11801
12545
13611
24882
28187
24882
24762
24882
19610
16800
30434
3272
24882
43031
24882
19447
4240
28549
24882
3272
26503
43678
9349
21918
28161
28619
25486
12977
41010
6354
24882
24882
507
24882
8393
6906
24882
13825
24882
24882
41484
24882
22751
30566
39010
21099
24882
24882
7208
38357
26889
45844
24882
25157
24088
24882
8146
25812
27988
24882
24975
2576
31114
35988
34498
16798
6820
24882
32663
24882
24882
10847
24882
3272
34062
24882
9636
30857
7717
19659
4318
24882
7777
16251
24882
24882
24882
3688
21433
8707
24882
23187
24882
4570
12362
25522
9640
24882
11281
27464
24882
19442
3272
30452
20300
24882
31108
24882
26768
24882
25310
5864
24708
12702
24882
19683
9411
35253
26374
26976
9887
21084
13039
24882
24882
24882
24882
221
24882
13022
6534
37101
14177
22863
31088
13910
16019
31473
30478
25322
40931
24882
4720
20185
24882
39965
12736
13021
25639
13403
24882
7445
22609
2790
30429
34393
30324
24882
15230
5427
24882
24882
4161
12589
21131
13933
24882
17675
24882
43591
26152
24882
24882
42148
5454
14367
24882
24882
3272
23747
7421
24882
24882
45265
7981
4397
10711
22850
3272
24882
24882
42714
10679
24882
24882
5048
29853
10731
24882
43365
3272
35744
3637
28591
24333
3272
3272
8286
24882
24959
14637
27193
24592
42310
29173
40448
8930
26214
24882
24882
2522
31067
25273
34634
3412
35658
24882
24882
42556
37319
28630
29610
24882
10054
25208
5360
30328
24121
26868
24882
44024
24882
24882
46172
21279
7706
10457
24882
24882
36491
45870
7507
22630
9237
24882
3272
8306
23199
4488
24882
28524
13266
13325
6888
37494
24882
5103
5826
24882
44813
24882
12194
24882
32334
22242
24882
8608
24882
3272
7809
2393
24882
29444
12558
24882
24882
24882
12111
22202
31934
24882
24882
26956
45965
7691
24882
10406
32241
24882
4129
24882
24882
15759
24882
3606
11800
24882
24882
4488
3272
11510
24882
31323
41783
24882
4956
647
24882
36933
24882
21117
42992
11147
24882
11702
45445
6600
29822
3964
32077
28889
24882
2722
42649
28728
4105
32865
12714
24882
23178
24882
26408
24882
37764
8408
7959
24882
13757
24882
31913
30053
15265
21357
25579
8556
36974
24882
6350
28893
35118
14070
24882
5349
34295
24882
24882
23798
6340
18502
29598
12891
3272
23531
4587
24882
22867
41864
28201
20364
24882
24882
24882
36655
11123
27854
25513
31020
34406
41723
43490
4518
30360
13301
13799
3272
24882
3272
24882
24882
26456
24980
9816
24882
11427
21235
24882
28136
24882
4184
2795
6961
445
24882
24826
29939
24882
4419
10639
24882
14348
16406
17873
5858
6407
3272
29502
42416
28791
25078
24882
24882
43243
21260
9985
43528
31094
23741
24882
6211
24882
31454
44166
24882
3272
28840
34538
24882
27598
24882
13660
24882
24882
28487
24882
9269
3537
5757
29830
41140
11067
24882
24882
30873
28364
35587
24882
42972
24882
14981
13566
419
24882
9727
26070
3272
27706
30244
41426
38845
24882
24882
23696
3272
10702
36229
24882
24882
24882
18457
23402
24882
24882
24882
7529
29971
30034
5922
23981
24882
24882
24882
4037
38013
24882
12854
2538
3272
26519
24882
24882
27247
25782
7240
30841
18410
25058
24882
29051
33506
24882
44352
24882
3272
24882
3272
32519
24882
24882
6837
30572
4344
5507
3065
10107
38569
24882
20148
24882
22250
29780
28085
24882
19903
5878
33490
23583
45898
21819
3272
23799
8077
24882
24882
24882
6629
30307
40521
25503
23973
24882
24882
44591
24882
24738
11404
24882
24882
24882
19318
23292
25488
23590
30696
34568
38638
12114
24882
23713
15214
24882
40101
27103
24882
23980
24882
8807
24882
17808
30666
34893
2227
24504
24882
38061
20399
24882
23670
29015
33904
24761
6907
24882
27461
38303
9543
27026
30153
27718
21505
31170
23303
22415
19170
35614
1831
23167
37031
2735
24882
3526
26101
30899
12469
23718
35773
45560
16968
41952
11723
38022
6251
3272
25470
43403
29508
24915
14575
44135
43507
15440
31834
24882
24882
24882
5362
31563
24604
24882
26199
23547
28519
7410
14994
27399
36596
24882
7898
24882
24882
24882
24882
24882
24882
24882
25958
15381
27853
14511
30210
32931
29828
28531
24882
45752
18881
24882
19424
11943
8671
4076
13003
8046
28450
24882
24882
29101
18178
24882
24882
24882
10104
31109
5199
24882
22649
23573
20268
12293
23425
12440
8650
31018
7646
24882
44969
24882
11206
28688
27836
3272
4624
42071
11985
3272
22897
15907
8360
24882
37250
26065
7320
24882
24882
8642
7982
30821
29355
24882
24882
12372
24882
6088
8385
1769
34830
3538
24882
24882
26631
26025
38648
13288
16421
14350
24882
30493
27181
24882
28483
24882
24882
13250
24882
24882
10765
44709
32726
6769
27611
13188
17786
21261
25641
42858
24882
23201
6780
33404
29241
24882
42668
14035
9173
39661
13871
20080
29150
9752
24882
29039
24882
42196
35416
24882
24882
44634
11686
4660
25247
35196
5213
24882
26521
24882
24882
4552
16730
26002
25442
24882
24882
14071
25497
28916
11591
20290
24882
24882
24377
1607
14977
24882
11440
24882
24882
24882
25241
24882
39241
38629
24882
21093
26428
24882
24882
12105
36059
42663
20426
45910
23637
24880
23861
4128
12818
8109
24882
35908
11278
24882
16094
24882
4171
2455
24882
24882
24882
28131
29448
24882
3272
24882
11880
41927
10044
20887
27038
27395
24882
24882
15751
19909
33468
38582
33742
42202
24882
15140
25844
24882
24882
4259
28504
24882
36718
25242
25270
27689
24882
3272
24882
23309
11203
6553
3272
25337
20040
1631
7070
15532
24882
35308
28577
30149
14020
35805
14863
19121
29558
24882
10169
3272
41146
13017
3923
31055
5972
945
24882
13910
24882
4357
45719
14288
17566
24882
32817
24882
28338
24882
29744
1796
24882
24882
35555
20563
17583
7984
24882
28515
44062
5892
27414
28765
25409
24882
8981
10399
28560
24882
3272
24882
17668
7605
24882
18408
17316
25877
41922
24882
27336
36267
1188
24882
23251
3272
13485
24882
34471
10921
24882
12143
46167
22592
6748
3272
44802
20432
8535
30101
24882
29273
41005
31046
22166
24882
24882
24882
1213
24882
24882
14043
24882
21768
12373
22584
4662
43390
26562
23778
24882
24882
36206
24882
24882
12491
6432
6098
22934
30277
24882
9084
24882
29409
17224
33268
22424
13507
10829
24882
24882
27476
10556
3272
43130
21067
35683
3272
24882
42559
25951
23791
24882
37375
9746
29124
42703
19488
24882
30870
24882
33594
10187
6601
36568
28925
28779
39334
27526
24882
27946
24882
24276
24882
8633
14003
18233
27063
34650
43213
3272
24882
45716
25299
24882
13384
3272
24882
13971
26442
24959
24882
30909
2819
24882
10835
9969
24673
30274
24882
24882
12342
7805
28942
28839
34687
4077
24882
24882
3854
40902
31984
9188
42403
28831
27827
22779
21635
32523
17176
24882
24882
20455
22664
29125
24882
35327
24882
28153
26819
23622
12620
24882
40676
33810
17292
23100
24882
34275
24882
19118
28363
14027
16498
4752
22067
28605
30024
29070
9591
18558
13215
46115
36070
44078
12121
4761
2731
24882
21795
27728
44125
27625
18429
30767
18532
26656
44344
24882
7297
13367
24834
27029
16641
15477
8618
14246
4497
4913
44689
24882
28181
15037
27689
44855
34980
24882
29174
6102
30885
6265
9966
24882
24882
9699
40442
17332
23932
3272
25956
33964
8591
3272
25573
14135
4207
33242
34847
17082
24882
44395
4674
28240
37568
24882
3511
9163
24882
24882
24882
41496
30158
24882
28567
25301
24882
24882
16851
27886
24882
24882
32545
37328
4521
27997
24882
2728
16083
43551
24882
38333
22952
24882
29394
28871
31551
14206
24882
32499
24882
24882
4046
18355
43014
24882
3272
22023
24882
24341
34096
29521
238
6984
22333
3261
24882
10097
18681
8087
24882
260
1437
43289
8309
24882
30105
24882
24882
33552
12071
25905
4391
21414
24882
7481
24882
30501
24454
15575
27982
17417
13402
9280
26458
24882
24882
46029
22726
28270
26417
24882
24882
10237
4616
24882
11448
44955
3484
22892
40759
11678
26132
24882
28537
24882
5434
17429
9651
24882
24882
3272
24882
16001
24778
8392
12338
28325
28459
12996
11915
24882
32725
38401
30551
24817
5563
34174
24882
3418
2439
24882
3725
22794
28091
24882
17127
30804
5693
10093
26051
41343
39442
24882
31740
24882
24882
30567
24882
19908
24881
24882
3814
24882
6747
15087
29846
41382
13303
20852
8579
41300
11826
6996
19581
31957
20512
37815
24882
9209
31023
24882
18887
1574
24882
24882
3341
9168
24882
3272
24882
3272
42354
9662
27697
28194
29487
40577
25336
43279
24882
28988
4917
24882
20104
33544
2620
31606
27936
3272
27150
24882
33824
32425
11079
26397
41556
26201
30180
27085
24882
24882
12828
3272
29907
8444
24882
16054
22737
45892
24882
42712
23043
23278
30254
24882
28396
24882
24882
45727
15638
24882
24882
24882
25597
25894
5234
24882
26992
33732
24882
24882
39878
23533
13329
24921
24882
24882
30741
41387
5691
25293
40737
912
24882
39336
25816
35677
17706
14975
24882
38038
22655
10925
24882
6991
24882
24341
4905
36201
4844
13765
30779
25722
24882
31666
24882
24882
40118
4526
24882
34205
24882
6737
8633
24882
24882
3281
24882
3272
7833
33687
29526
24882
24882
11277
10759
21096
14190
18807
25119
18253
45424
4490
6941
3272
24882
24882
13438
26384
17012
37716
5994
33751
6112
24882
30769
4149
25611
23191
27061
20031
41001
25088
8430
28664
30905
24882
22942
10115
23850
24882
24882
39949
24882
21183
41372
17472
25097
3613
9715
24882
24882
24882
7043
24882
7574
28806
27307
24882
24882
4685
28641
28455
3647
9429
8183
3272
7281
27118
43252
24882
25220
11308
24882
24882
30554
40532
13235
17352
28892
39718
17644
38152
30292
19754
35053
24882
10182
22167
28700
32888
28985
1644
13823
30391
27409
10833
8678
46122
24882
2048
35979
33667
24882
24433
636
14786
25403
14621
1208
27310
27079
24882
41730
24882
23213
16610
45353
3124
35164
95
3442
10547
24882
23909
14088
44504
14250
24882
30239
8606
3730
21892
24882
38485
23042
13631
24882
15928
11176
34168
5473
24882
30614
22788
6614
28790
24882
21140
27431
13909
32252
7204
10751
2961
24882
29653
11230
7570
11590
34813
24882
7851
9114
2844
1034
9214
9841
18213
13837
26512
24882
11649
23134
39951
24882
36460
10879
22318
24882
9403
30459
6764
3272
25622
41291
24882
32659
6817
24882
28845
543
44066
933
4196
30610
37710
24882
995
3272
41645
24882
15875
24882
8012
24882
14165
15632
31875
31160
24882
41910
24882
44351
26150
24882
44036
8684
4886
24482
3088
27197
3384
25790
30781
44937
24882
6825
21026
20326
45628
33340
24882
27090
24882
12343
34797
4504
24882
24534
30846
10684
24882
24882
34861
24882
4519
30839
24899
24816
6104
3987
29587
24882
4440
24882
29534
4626
24882
30765
29055
28914
11183
3272
32023
24882
24882
24882
24882
29981
41948
8210
27610
28185
24882
22947
28936
32430
27033
20168
3272
24882
7352
24882
23944
26847
44792
14749
23946
11071
40550
8254
38830
32173
5747
11831
18555
17511
24882
24882
34180
31378
37591
24882
28744
26600
29291
9325
40972
24882
28266
6200
25123
26087
31493
13141
2469
24882
34457
30211
26032
11397
30502
29920
24882
44201
24882
29850
12987
28757
41392
34761
40498
28720
3272
43950
26054
24882
24882
8523
24882
24882
28557
25369
24882
4710
45
24882
28386
25994
36095
7089
26478
8427
23938
24882
24882
14191
22340
29310
3272
24882
3272
45234
28658
9311
24882
20620
18666
19635
24882
28612
34041
37655
28466
42213
4968
8365
31657
24882
26605
24882
11916
25295
6043
43875
7565
44879
27880
40301
32211
12474
28183
24882
45952
46106
29700
31867
18862
8484
16663
3272
35633
28063
24882
22569
19945
3760
39810
1275
12224
36319
24882
2785
25098
5276
24882
29961
27655
9692
36228
33718
2359
24882
13145
28830
12099
24882
30563
23739
21200
24882
3272
5293
29324
17913
8756
12542
1654
1806
34624
36401
7401
21807
40421
1648
7026
26534
12042
24882
30505
4102
27892
45099
11167
24398
21912
24882
26633
24882
38806
26098
2215
24882
20437
30822
24882
4821
24887
24882
28410
18154
3272
12507
29160
14061
23475
13314
24882
8216
27673
35762
40533
21385
28905
24882
15209
28566
24882
7536
4574
14543
21832
24882
23984
40604
7354
33802
29982
30578
33727
24882
24882
7999
25121
8997
24882
24882
24882
23568
3696
9545
158
31037
3977
24882
29517
28508
25659
26103
5383
24882
44373
29163
17655
36498
12158
8691
24882
24882
26554
4009
34036
24882
33214
3272
7820
38847
4827
24882
4919
4959
24882
25671
26634
4246
3913
3682
30679
10132
43713
4348
24882
8072
30449
6954
41482
29666
22835
3272
31038
4315
3599
40057
15437
17878
24882
24882
24882
24882
5374
3272
33611
38302
24882
19664
3562
24882
24882
14705
6511
19887
25233
11664
29660
24882
28128
29908
20465
25053
45625
28343
3272
24882
37733
6262
24882
28408
5343
24882
20413
5224
6464
43849
20334
30393
24137
7194
24882
24882
24882
43687
24997
17526
24882
24882
24882
24882
9492
45051
24882
28652
33097
24882
31813
3272
10764
16048
32786
8426
42273
3346
35386
24882
2714
3272
35334
25531
12621
21658
14148
31444
24882
29558
37813
24882
3096
19304
3272
24648
24882
27523
29488
9133
24882
25617
15157
22813
7861
4748
28073
33349
31201
24882
13625
24882
46165
24882
2132
29906
27335
24882
24882
20710
22924
24882
32629
24882
13581
6874
29427
24882
28479
24415
24882
18185
24882
24882
24882
9080
39889
27369
24882
14844
6384
12812
5896
10
24882
24882
6196
6888
3276
28908
24882
28836
24882
24882
26369
13320
43945
25451
22582
24882
23572
3272
23763
31080
26587
19302
24882
9137
28478
36690
10517
30130
23046
44112
23275
24882
27152
28914
3272
13456
24882
3272
44236
17154
24087
19335
6752
45056
26755
24882
28584
35180
24882
31341
3272
24882
25885
13232
3272
28534
26028
40843
29096
31440
44888
3366
12118
7766
30661
24995
24543
9797
24882
21071
24882
30073
3272
25564
24882
16658
3272
24882
25012
23460
24882
28731
24882
42984
10050
40504
24882
1065
20694
160
3272
14092
6454
15062
35235
8851
39321
21043
19425
41206
24882
24882
35559
25392
25239
24604
33161
26612
24882
24882
24882
8465
24882
24882
24882
20629
26930
28667
24882
23473
17212
24850
24696
24544
2717
38603
24882
13062
28681
11345
4440
24882
3272
11136
30311
3272
24882
8685
38904
3272
35661
39668
25439
32465
13591
24882
25149
8742
24882
7147
26599
26996
15216
43716
24882
13326
22801
8738
24882
24882
13312
32864
33185
34486
18435
24882
25922
44259
24882
24882
8128
24882
24882
20085
11283
40917
17143
30610
5321
24882
4190
17610
4117
24882
27091
1667
11892
18074
5307
16206
31021
25359
43540
24882
24882
24882
36872
6518
16960
28810
5783
3391
3272
14266
3272
30504
24882
28672
3272
11258
24882
24882
6941
15942
10484
9697
30727
24882
19843
31525
24882
4600
24571
40933
1466
30185
24882
12761
24882
24882
28324
25341
7052
34452
11929
22989
27591
14194
29021
24882
43644
30437
4568
29032
24882
24882
24882
15283
31165
24882
7730
25697
25103
23731
29402
12367
28716
24882
30923
30618
6451
6762
25776
24882
26719
1322
24882
24882
40546
20257
16738
36296
36628
26027
13189
9737
24325
24882
24882
24882
1720
26249
4281
24882
24076
18550
36291
6555
6152
24882
27170
24882
24882
27408
30913
24882
10586
28263
24882
11213
8632
9516
8745
37201
12415
3272
28905
24882
44844
24882
24882
24882
36164
34802
8194
9567
36888
24882
22702
26741
11033
24882
42141
5763
42026
24882
7664
41116
28079
27493
3272
12496
25301
30839
24882
8350
16940
23111
28372
24882
24882
41384
24619
1259
9012
12125
25604
24882
10381
28718
24882
29015
12250
43409
24882
12761
9666
18445
37585
39045
28215
24882
3272
29629
24882
28904
14255
40530
3272
38459
3272
17764
24882
28181
24882
6707
23136
3707
9251
42248
23160
21392
24882
15933
5787
8481
24882
25172
24882
11818
22037
26317
24882
30245
21672
7414
33075
12665
24882
11457
27915
11662
43114
41849
19560
4558
9317
24882
26526
23977
41676
16834
43923
24882
27639
6110
6577
42968
16820
9962
29562
36577
24882
27753
28357
24882
24882
24882
24882
24882
12912
24882
8130
39441
23364
29671
8911
44967
24882
44567
27476
28744
24882
4058
21962
44282
7475
24882
6257
3272
28278
24883
4332
24882
8728
27214
2918
24882
9211
25263
9520
41684
29983
41319
16748
30526
13769
33966
28596
18575
6095
4565
43895
24882
41057
23963
24882
24882
3272
14310
11072
11551
11105
24882
5354
3272
30949
24882
24882
24882
43090
24894
45073
24882
28297
24882
22801
24882
22594
24882
7382
3272
3272
26883
41847
24882
24882
24244
5365
45710
27790
24882
6516
14169
24882
33477
20444
3272
4816
26634
24882
13073
3272
10470
29246
31618
24109
24882
24844
24882
24882
968
29778
7599
6223
44071
26470
10796
9407
32076
3272
22699
24882
25611
42007
24882
24882
3272
24882
27675
24882
5772
24882
24882
24882
28920
24882
29753
4026
4817
11818
19809
11599
24882
24882
24450
24882
24882
12009
23082
6638
3272
24882
18270
24882
18599
22578
28423
26609
12843
24882
8903
42983
23777
43334
29761
33272
29179
3272
22049
22736
26007
24882
24882
15176
43858
3272
3272
12496
3272
45921
40324
3272
24882
24882
11455
34711
3272
24824
19309
24882
17288
3272
28523
28558
24882
24467
12089
27058
24882
14283
29777
3272
32026
24882
11636
1995
30529
33327
30301
37071
24882
29701
34048
31135
2308
24882
34169
36246
10569
2058
29492
19060
7313
24882
30273
2672
9599
15818
9853
16893
40890
24882
32720
1870
16018
24882
29927
24882
27421
24882
31222
10719
22687
31708
13131
28291
7315
16538
5520
30333
37905
29578
24882
7409
24882
3272
33699
24882
25350
24882
24882
40905
28465
41090
24882
13552
24882
1613
24882
24882
7011
24882
24882
25344
33170
26940
30105
9033
28478
28913
3685
11968
24500
35889
24882
28358
34447
21443
25826
24882
24882
3914
20885
37874
34468
28745
25844
24882
26580
24882
20306
7679
24882
24882
45199
41986
24882
41551
24882
3102
24882
24240
11639
3708
24882
26938
37693
8308
44524
20839
27993
9236
27337
3272
37854
19098
13532
17109
24882
14902
21708
3875
21660
35020
22644
35504
11948
3272
8105
24882
28069
25514
14090
24882
24882
6067
24882
17651
24882
24145
32560
603
29029
3272
13175
5152
24882
10952
28467
24882
6274
3272
30607
24882
3272
24882
7379
3272
15321
29126
23536
12346
37249
1119
26105
29078
42349
23406
20068
29474
30268
16580
3012
24882
29525
33112
24882
24331
24882
29135
24882
24882
24882
24882
24882
40064
28737
23100
36874
24882
8169
24882
24882
31425
24882
24882
43485
24882
24882
24882
3272
21936
30458
1985
6339
13623
24882
1969
24882
24882
24882
25630
24882
25446
32587
29207
6738
6188
39746
27432
2326
29017
27356
8277
24882
3272
46033
24882
24882
10299
24882
27179
3272
24882
12534
24882
30806
24882
22977
33420
28055
25601
28513
30708
24882
26059
34899
22246
24882
24882
24882
9308
39374
24882
13728
3127
20110
4152
24882
21451
132
14007
24350
4792
41790
34017
24882
24882
43454
24882
2575
25434
29716
18143
24882
23169
24882
32243
22769
27226
9531
28711
24882
22320
24882
28088
30664
29562
33087
34491
13961
14140
8791
24882
6709
23234
24882
36665
28374
21057
25567
3272
14668
24882
19849
24882
26700
24882
24882
3272
8627
13099
37812
40503
25303
13754
30160
19798
24882
7929
45729
25724
19989
24882
24882
13102
12896
34521
30122
5304
12901
11819
8081
24882
24882
4355
2568
24882
30381
24882
8921
12914
23048
3452
5579
24882
8570
29647
11051
15738
25515
3376
40357
24882
35781
30281
24882
34630
24882
9318
26128
24882
24882
24882
24882
43616
24882
36420
27504
20805
6863
40323
24882
11074
4686
7804
16990
37331
30200
34600
25438
32681
24882
24882
24882
39829
44050
27818
5484
26466
10973
20785
24882
642
43167
7847
25880
22926
24882
24882
26662
24882
24882
22956
43364
10908
24882
38710
9514
41514
9216
7115
43048
20534
2543
20870
29221
24882
11714
12030
24882
24882
7872
24882
24882
24882
24801
24882
12568
13453
29303
28794
16832
23561
12156
25361
24882
3272
41825
24882
24882
24882
24882
28416
24882
41322
4297
24882
18694
24882
31089
22637
28189
35204
24882
3272
32863
24882
27680
8925
31781
31486
24882
8063
2436
3272
24882
16633
18395
24882
14048
24184
24882
12881
3821
24882
24882
44571
21221
44175
25210
27436
44904
30358
40026
3272
22907
24882
24882
24882
26112
9269
24882
24882
26549
24882
37073
23591
27478
24882
6040
4581
24882
24882
24882
25426
1067
5201
11172
45920
11162
24882
3272
12330
24882
24882
24882
18361
30425
24882
28910
21177
34362
30932
24882
12911
3272
6745
10087
24882
28447
21951
24020
29691
8318
27548
40984
19229
42641
28546
22299
4025
30625
15462
44614
8450
34165
4879
24882
18465
25794
24882
10802
11431
6969
31024
30747
8247
24882
4851
32469
21903
40787
24882
5555
14379
34226
26498
9670
24155
45215
24882
24882
26361
24882
32700
3340
7367
25410
9990
24882
8699
24882
43829
25037
467
7377
10780
24882
27057
24882
24882
37477
30527
10128
26059
5259
20794
24882
24882
6866
24882
24882
24882
24882
40895
29788
14912
43307
39452
8584
26841
24009
24882
24882
43690
24882
18362
24882
5392
25186
6172
3272
24882
20939
13110
14636
24882
6673
8912
16494
7145
24882
2092
4678
29714
7915
24882
29845
29522
11855
24882
20392
602
8763
12662
25218
28203
18811
14569
23487
24882
36750
4663
27944
21736
13593
14208
24882
29162
37999
24882
24882
24882
27755
29149
31528
20373
13590
24882
26622
11473
43244
24882
24882
23744
27536
29216
19947
24882
1948
16634
32044
24882
36075
9574
10280
24965
24882
29500
5811
18039
10812
24882
11762
28934
11294
28412
6937
43148
31787
4124
14467
24882
41316
3272
17543
24882
5310
8502
40268
28122
29689
11938
30948
33038
11711
30484
9082
7429
3272
24882
30346
27126
24882
25027
26856
24882
24882
27322
22195
24882
45162
7660
24882
29047
24882
25656
36078
24882
10430
3778
5496
29402
24882
24882
24882
11148
27754
24098
23691
32988
43805
24882
5193
7885
14032
25544
5876
35376
25694
15763
3709
24882
24882
24882
15586
24882
10769
24882
37525
30371
6879
41736
27101
32449
13164
7283
11706
31892
18298
45554
12798
24882
25937
22660
23768
24882
40674
22484
38858
28887
13554
21920
31735
21511
24882
22587
18680
31039
28323
5218
18573
34185
30763
30174
24882
32218
10127
24882
7762
24882
11930
24143
25776
20480
18535
24882
28681
9203
3272
3114
10991
22586
26269
34532
14111
9792
24882
1374
8784
39273
39961
24882
22689
1221
4005
29412
4065
24882
27847
31546
34730
12629
24882
12711
2063
3272
13597
27547
45578
3272
24882
40202
24882
22824
34871
8308
11247
13640
28452
30026
24882
12383
17029
29207
31013
25563
1421
36297
9957
34697
16479
15965
23897
11074
30924
24882
3272
1695
35761
24882
28031
24882
2301
6479
41995
23409
22031
26151
25241
24882
3272
24882
24882
24882
36709
14782
14016
24882
39234
26108
24882
40941
39524
13004
4751
24882
22985
5670
24882
10682
24882
24882
24882
24882
38477
7509
24882
36646
21436
24882
28265
9061
8772
31192
2527
21204
3890
14209
9279
31174
24882
3272
24882
35936
45435
23228
21284
5472
24899
3272
24882
24882
27326
28980
30337
7055
7723
27581
4140
24882
3748
6926
5821
3202
7549
25174
30376
24882
23998
12262
28232
24535
23814
24882
18799
43241
337
7960
24882
42382
24882
13641
8023
22829
32229
9273
29255
11848
3272
27790
24882
2945
24882
22714
24882
26259
37713
24882
26196
24882
5418
12415
23514
24882
41347
24882
30638
28447
28488
8818
38883
24882
16046
24882
24882
10551
27292
7098
29736
11966
4400
22787
4205
35360
3272
26451
24882
23409
24882
35846
28321
27597
12642
28070
7846
8711
31120
43435
2422
4091
24882
3161
26085
28522
43482
3272
11819
24882
24882
5816
30794
15541
42582
29785
22777
2831
4431
4037
24882
27187
7807
36342
26139
24822
10016
36730
8510
6823
5469
13301
16377
24882
18363
24882
3582
45561
3448
24882
14965
24882
30868
24882
39747
8741
30285
27374
24882
6149
31121
24882
27650
24882
6192
24882
19422
5052
24882
24882
24882
25065
24882
37288
30998
3272
16926
6525
26118
25448
35393
45208
21978
13360
44310
27451
39830
24882
30829
24882
4899
7149
24882
24882
10810
6311
24882
42706
8482
44451
24882
34575
24882
24882
12684
35913
24882
27751
22107
12693
24882
27737
32001
11733
24882
27772
28175
16575
30228
44211
23179
9864
40557
24882
24882
25608
24882
24882
24882
24882
30428
15839
11383
37845
24882
24882
24882
20030
5088
31906
3272
6249
20577
30020
4384
24882
3272
23086
44318
24882
24882
20562
24882
24957
25831
24882
24882
24882
9247
4698
24882
43563
24882
14600
1482
45573
24882
26159
24882
24882
24882
3272
24882
15633
13690
24882
13764
24882
16647
29260
36161
7988
27414
35372
25960
5474
4406
25019
9530
13856
24882
24882
24528
4732
9952
3569
3272
24476
21731
24597
24882
11438
20592
24882
14007
3689
31029
22653
24882
37954
28368
7975
37762
23138
24882
24882
17104
24882
26165
8250
1876
12221
33209
17454
22758
26018
12751
24882
24882
20199
13369
25679
7384
5164
27030
38012
24882
24239
36196
30300
11664
9635
11106
2419
34044
24882
15588
27822
11421
24882
39638
12752
5582
24882
46036
534
23648
5035
24882
25011
4731
3272
25864
4672
27142
26520
12008
35406
24882
24882
13514
24882
37953
7026
45303
5599
8874
14931
24882
19794
10549
39429
27069
24882
15224
24882
42165
24774
37955
5545
23199
24882
6402
9805
19433
30622
24882
24882
5688
24882
9076
6583
41181
7720
24882
45575
7448
24882
24882
24882
21500
20001
27278
17883
7057
6552
24352
24882
24882
11640
3272
33949
4825
7564
12719
36374
3272
18030
13656
28263
23492
24982
27203
17966
3272
24882
27043
23306
42014
24882
24882
4534
24882
15127
24882
10778
24882
8852
3661
24882
24882
24882
23413
10886
24882
12204
3690
24882
40211
9620
24882
14548
226
8320
3644
24882
29955
9265
27950
15722
43236
20728
31920
14740
24882
4261
24882
15401
19897
23806
24882
20230
24882
28288
25483
13751
20565
45328
24882
17895
29505
23927
26906
24882
24882
24882
28666
3272
24882
24882
21687
70
27972
18991
3616
3272
8885
24882
8175
7087
24882
6419
3272
26646
6541
17769
7659
5196
24882
24882
34935
14163
24882
23187
30891
22633
30397
24882
5105
45511
3272
14014
24882
34776
37511
8202
24304
25662
25446
6161
24226
12182
30686
38236
30012
13979
30483
24882
5623
25663
31098
11863
24882
8775
24882
26627
24882
27322
8154
3802
28983
11946
5877
12622
7118
1616
25635
3550
24882
42967
20472
37719
40380
30648
9604
46032
8006
26230
3272
9257
22604
28978
9904
29844
26544
16143
34266
24882
27710
5015
35079
25151
24882
32248
43779
746
3272
16213
30178
39674
24882
24227
5351
24882
24882
28804
29887
24882
24148
28870
26117
12321
24882
37617
36605
24882
27766
24162
27168
14125
30192
3599
42964
25369
27687
43389
38802
24882
24882
8512
5248
5758
31084
25781
24882
3272
24882
24882
15368
30500
10008
12448
30470
24882
17441
3260
11344
21480
14106
24882
24882
24882
36929
29614
3272
24882
27446
12381
14198
24882
7156
26586
30813
30735
13306
24882
24882
29538
8435
24882
26038
14186
2108
24882
23208
35121
5355
26119
10683
3272
44852
14041
25739
26147
24882
23551
24882
4799
24882
18045
6461
3200
24882
27006
24882
24882
36707
12197
24882
1456
5843
3695
30526
24882
7045
8566
3272
5742
29720
24882
31063
42794
27905
24882
24882
25165
13482
24882
4531
2389
24882
26390
42526
32882
9045
7886
24882
24882
8037
12168
29182
24882
24882
3272
42072
3930
24882
26894
12807
24882
5442
5366
13416
29016
26682
29453
2008
24882
24882
7338
1247
35445
41156
7310
30018
155
27842
22851
6594
24882
17426
24882
39630
24510
24882
45319
6092
11851
5348
32826
24882
24755
24882
6959
24882
24882
24882
24882
28468
21870
22886
23320
31514
22441
40359
24882
13675
24882
24882
40743
24882
38133
23702
20859
6241
13158
2748
24882
24882
3751
30843
31111
24882
24882
41265
11006
24993
31430
24882
3272
45448
6113
24882
6179
9044
25690
24882
9559
13441
23411
5031
24882
21549
36257
4746
25682
2933
24882
30143
4899
26777
24882
12045
648
15350
15555
8449
24882
3272
28034
26863
24882
18567
28179
32219
24609
25213
6889
24882
10846
26027
241
42472
11823
5682
42677
24882
40322
36195
24663
24882
23014
18683
5792
6725
25672
24882
36746
24997
18140
26598
28602
24882
24882
4022
30160
13452
9549
24882
24882
22880
23148
9781
27683
3876
24882
3272
27249
24882
26129
24882
7665
24530
9974
24882
40039
7750
24882
24882
27943
10356
9450
24882
24882
30056
24882
24882
15618
24882
2842
26872
23277
30994
24882
1183
24631
9664
42153
6727
24882
22236
24882
24882
20995
37636
27705
24882
3272
13389
21216
4705
3272
2741
26941
3272
24882
8071
24882
14531
11562
30033
10769
24882
11444
28300
34114
5273
3329
40903
11571
14081
24882
7656
8211
39205
44336
15694
27770
20552
24882
40340
10870
24882
24882
32769
8669
35742
33790
3332
19046
24882
22927
21650
23159
32294
28662
24882
18122
27807
2707
28880
25425
10853
6633
24882
27717
20391
12507
7625
42637
45038
9993
44491
24882
3721
11892
25034
30051
26137
23085
44951
24882
24882
3367
40288
36215
25771
1001
26465
3326
24882
3272
20547
39486
28113
24882
16290
29064
11346
35903
13081
43701
38517
24882
24882
41102
33157
26849
3272
3272
30337
24607
24530
30724
24882
34827
24882
8118
28592
27122
24859
3272
24299
8891
9575
45059
29002
11834
26421
9320
24882
28984
32002
29146
4704
24882
41836
3272
26715
13998
25914
24882
10085
24882
13531
34870
24882
28581
3272
39865
39048
24882
2012
11728
1810
13594
16195
3272
24882
23342
33447
36102
24882
3737
31094
27128
23735
24882
4136
9649
26140
23570
25730
37400
37446
3272
40831
24606
24882
14908
24882
24882
45805
14235
26296
46000
3272
29984
28190
23882
6723
45718
12714
24882
14263
40452
6504
24882
24882
36026
22287
29944
24882
3272
33905
24882
29716
24882
24882
24882
19898
596
24882
37703
26701
36448
25879
1199
32962
10161
15884
10905
8415
24882
8380
8922
7380
45818
6400
29436
26421
11243
25211
30591
4585
41876
24882
24882
44596
40350
29096
26538
24600
24882
4793
24882
856
9531
38699
24882
24882
29432
42361
24882
24882
24882
9221
30251
29910
10723
26342
23631
24882
24882
24882
24882
24882
35299
7606
36225
38310
5100
11307
26836
24882
230
24882
26011
23112
41450
45873
26067
11503
35446
37167
41118
27568
24882
11102
31386
4143
23499
24882
24085
27603
39623
12250
5085
27768
31438
24882
39013
13778
34480
26414
24882
8587
2328
42933
26716
26358
24882
25308
27829
12130
10814
13323
24882
27286
24882
3272
10668
24882
24882
24882
6955
27338
31370
8295
24882
2939
14080
24882
24882
6391
29277
735
35769
24882
24882
44221
24882
7618
42342
5624
3272
7843
10619
24153
23488
16877
24882
24882
6521
21925
3272
27671
26179
24882
19215
29392
24882
19921
10016
4338
24882
38355
3272
24882
12127
24882
24882
24882
5211
29238
14100
45564
27545
9142
43
24882
24882
39203
31911
24882
12595
3400
40678
10337
37600
10821
30174
24386
13181
29076
24882
40111
4724
42570
44985
1735
13337
12954
24882
5086
24882
27255
24882
40799
27028
23692
14938
34739
24882
27234
8880
24882
25736
18804
3058
41776
23624
3693
2149
25382
24882
6366
21715
5377
3262
18338
25778
41352
28306
27716
13888
3272
22631
32365
36799
24882
24882
44481
13992
21545
3
31026
24882
45229
40252
6350
20362
3272
23252
26866
25505
24882
29415
31114
6260
24882
12446
24882
27049
33259
7926
3597
24882
25143
7019
28006
3272
24882
24882
28933
34518
24882
11757
8283
3272
18913
37467
16435
29809
24882
18685
28079
2750
13341
24882
26160
37170
30793
23792
24882
28741
45519
2786
24882
24882
24882
3272
11981
21384
24882
11629
44157
8218
18056
2898
16230
3272
29537
24882
31483
8826
28448
26138
11860
6069
24882
24882
14680
29103
13743
6861
24882
11902
24882
13217
17759
14019
28869
25941
24882
26059
24882
27462
9520
24882
25258
3272
25733
36741
24882
19005
4728
23196
26584
39606
29081
12545
32318
24318
24882
8655
30694
4080
6894
24882
619
28740
24882
24882
22725
24882
24882
30945
6130
22531
35829
17178
10644
11104
26731
36047
24882
15697
22446
5766
9181
24882
45022
7806
21510
24882
24882
24882
12177
24882
24882
19438
3272
31141
23106
24559
11758
29155
3272
4863
497
24882
29847
3272
24882
38624
3744
21458
43818
4940
8961
38203
14653
24882
29803
39385
24882
24882
29643
32198
33199
24549
37103
24882
24882
26021
36584
13187
24882
10140
24882
5519
25747
2762
26017
3272
575
27707
25823
24882
6857
24882
24882
24882
24882
24882
38605
24640
24522
33437
29723
14645
14778
24882
24882
42079
24882
26026
44575
4055
25036
24882
26239
24882
32273
24882
3272
17652
41478
20255
14484
13296
25742
23446
29341
24882
24882
24882
10807
2148
10216
10390
38742
17877
23202
10114
24882
30377
24882
7365
24882
45616
15721
24882
24882
25518
15092
24882
45485
3886
38043
41509
24882
24882
24882
23390
30736
7028
46157
24882
24882
34750
8902
5307
11266
24882
32504
29649
24882
24882
24882
45982
31169
11640
13333
3272
1454
10235
24882
4435
24882
27893
25553
3272
24882
24882
36315
12647
15491
6757
24882
24882
46046
40095
25381
24882
1035
26225
11719
24882
24882
3272
24882
26854
18208
37402
26825
37309
27658
30413
24882
24882
37436
27588
38566
30335
8036
1290
36162
24882
12375
11049
28184
24882
14567
7113
38922
27749
3272
37612
26402
44932
24882
7545
43526
25189
6053
21997
30404
26978
24882
29277
24882
27731
24882
26457
28675
17367
3272
24705
43052
24882
24882
26205
24882
30206
24882
11576
26027
36293
24349
24882
24882
24882
10531
24882
26962
24882
11284
12646
24882
24882
3743
38014
36949
24882
24248
28922
10062
21886
24882
28771
13483
21808
24882
17622
24882
24882
28579
26635
7473
24882
29030
29433
24882
27762
3272
35689
29811
15285
24882
28124
9363
5517
37731
10195
33126
8597
25827
13460
18716
28791
24882
32711
38030
24882
11554
889
12333
12289
24882
9006
24882
9464
24882
29132
28209
15896
41164
19786
7454
24882
24360
6712
24882
23023
28160
9938
25308
32093
25799
5194
40494
24070
3272
37723
42355
24882
26528
24882
29151
30777
24882
5211
24882
24882
16368
27141
32824
18448
40294
24748
6364
18808
24882
17813
44635
33650
24882
791
34878
24882
24882
9343
38463
9196
2617
3272
7685
10656
30378
24882
10277
13112
24882
38604
26365
2403
28884
40749
20272
30467
4502
24245
25226
24882
30293
24882
45552
24882
39927
5655
39813
2378
24882
24882
42764
16607
42445
21270
8541
24882
1723
1608
30790
9965
8746
24882
23223
19436
24882
26761
2307
24882
19509
24882
22674
5175
11833
31073
43581
24882
25173
29389
5813
24882
29521
21173
43999
26429
24882
42259
3272
30897
23854
15306
29014
10159
15667
10891
36889
24882
34069
32496
3272
24882
45533
32713
21517
43611
24882
30584
5229
7463
24882
24882
30611
29356
27084
41569
7998
24882
8638
44227
35858
5658
44179
39380
24882
16816
27092
39859
1098
40623
24882
30299
18571
15121
37950
598
8542
39214
4295
24882
21209
16260
30185
23526
12027
7735
24882
27053
24882
24882
24882
24882
34969
156
24882
3272
29687
3272
10671
24882
27162
32153
1013
29596
29917
3272
27911
28752
28890
35912
24882
6603
29498
41873
29331
26086
3272
26780
30831
27318
26032
8543
40083
7480
24882
6005
24882
23797
24882
27690
24882
30422
24882
8051
19506
30611
24882
24661
41688
5952
44246
7870
24882
23879
34958
3272
9996
20528
24882
16154
24882
13907
28404
22651
17001
29098
30297
6126
39585
17273
38818
17009
34323
12709
31022
23661
11042
24882
30413
43212
29336
24882
25473
6309
12280
30509
2982
27376
3272
24717
13317
35054
3272
24993
21452
24882
31064
1371
24882
27223
29348
25185
27161
8996
14365
21273
24882
42390
15745
23272
37989
33070
11486
5853
12319
24882
24882
24167
43523
3272
40218
30619
30517
11888
24882
6310
14661
9261
1601
24882
27111
22643
24882
24882
9172
7431
43906
9176
13173
43227
6537
24882
42317
24882
1529
35943
7761
24882
24882
24400
27297
24882
37336
4619
3939
35146
24882
24882
26555
24882
28277
36190
37286
34985
31986
7278
24882
12566
6599
17539
24882
8679
21292
5362
7024
24882
8753
3481
24882
13299
24882
10925
44293
24890
4614
11774
24882
9312
36992
24882
24882
24882
24882
531
8974
18462
24882
24882
18456
27588
25886
10005
30594
5001
19135
45487
16958
24882
32632
3915
29286
6476
24882
8370
12412
24882
24882
5074
39129
5895
26332
24882
14083
11506
45580
30690
13588
24334
7341
10947
24882
36777
5222
43096
45130
35499
12061
15841
24882
24882
24882
24882
24932
24882
26472
45858
20008
20878
34940
17535
31201
29392
28408
24882
3272
39518
26548
22820
23656
24882
33602
23507
28208
27133
25916
3272
26557
8397
15929
24882
33411
24882
24882
22426
13273
25279
2050
24882
6385
24882
8739
33919
24882
27977
5831
38
24882
27788
24882
2585
23350
35613
38738
39635
24882
7557
17335
24882
28267
11397
4682
35160
40687
7552
24882
7494
6213
31777
37072
7737
9090
12497
34061
27174
5130
26109
3272
6097
41500
4228
27411
24882
43487
45109
29588
29792
24882
11653
42529
29105
2113
43386
24263
5076
24882
10087
7592
263
43353
24882
44647
26358
28811
3263
46125
6648
27752
13411
13013
8207
28296
3272
24882
4569
24882
7541
4703
3272
1517
45104
2801
24882
30633
7488
24882
28356
7772
24882
24882
24882
13620
24882
197
22913
13006
24882
6222
24438
15000
11597
9631
38708
24882
25749
27273
24882
24882
28685
32333
23768
7500
30008
25059
15678
17645
31176
19579
5282
3272
34587
1066
35373
30933
24882
37792
24882
39153
14103
6292
39310
24882
12926
12753
24882
38295
30325
11538
19329
9543
28846
42399
24882
25234
20490
21388
24882
31039
22698
6788
16789
12444
27082
24882
10197
20828
3272
24882
21051
12956
35789
25241
24498
24882
24882
43089
6832
29768
11125
26293
32974
20279
9335
30125
28706
24882
24882
36317
20662
24882
40781
11022
39175
45410
2632
41921
9108
14964
42904
24396
40327
24660
24882
26334
11009
20613
34968
26709
9327
26518
30800
3272
24882
27021
24882
25138
25946
32891
24882
24722
43506
29556
24882
24882
29943
24882
41897
10909
16980
45996
24882
25469
24882
24882
22145
7165
22416
30997
24882
29428
11218
23989
28912
29804
11369
25673
23503
6427
35171
24882
24882
24882
24882
37261
19501
44912
12661
34642
29822
24882
24882
33503
6100
24882
11541
14904
29509
24882
24882
43739
24672
2240
24882
24882
3272
24882
28731
25514
24882
25318
27925
28977
24882
24882
26267
11876
24258
568
8311
32961
24705
37410
24882
26228
24882
4620
31030
24882
10022
4132
29408
27449
24882
24882
1468
2200
23448
9686
23230
24882
25865
8205
24882
30056
11660
24963
8955
43101
24882
9524
3272
16453
24882
36962
30521
27498
24882
23520
24882
35751
25153
8708
7849
3785
39111
24882
24882
14104
36221
29507
23548
28064
16862
649
24882
24882
45063
24969
31193
34376
8400
7228
5094
40456
24882
30371
37445
24882
29709
21804
33025
41098
19219
28214
37872
24882
24882
24882
45715
45314
28743
29353
19467
3272
6290
7483
44190
13580
24882
24882
9350
23229
24882
24882
1386
27564
3940
24882
24882
26341
29501
24882
36743
30994
29445
27570
7677
24882
24882
33946
36552
25417
24882
880
8590
8161
24299
27828
44601
24882
40307
29067
23396
29344
8158
36602
14155
8342
32953
3272
24882
34190
4522
24882
30116
24882
5481
35737
38628
26225
24882
30282
42629
11544
45508
18359
8254
24882
24882
34329
6042
17814
9673
19548
4563
24882
30307
8418
4496
24882
24882
12153
3272
15735
22924
27503
3272
24882
30587
28401
24882
24882
38905
12167
12896
11393
28660
4897
37422
35076
24882
26707
40539
12188
24882
15434
14936
21506
24882
8499
24882
3272
6936
30445
24882
24882
29123
24882
24882
24882
40877
24882
43421
26845
7443
25992
25182
9006
36930
36358
24882
25767
28632
24882
24882
24882
40828
24882
24882
24882
24363
21241
20675
24882
25236
24882
3939
26432
29920
24882
33336
3272
24882
24882
24882
29142
34389
13596
35951
24863
24882
3595
23820
6481
24882
12152
3272
24882
24882
24882
28728
5061
14291
4654
25472
42017
3272
24882
32923
1737
24882
24882
7489
22055
23456
3259
23416
24882
3272
13674
21465
24882
11124
357
38264
15488
6821
24882
23642
41396
24882
31854
3272
24882
43832
24882
22598
24882
24882
16348
42864
12835
12419
24882
24882
28966
24882
24882
7910
17903
24882
23150
14460
4752
3459
6843
34479
24882
3272
39217
29794
24882
16974
37575
3272
24882
24882
24882
10161
13184
8268
9716
37383
24882
30603
4938
23618
1787
24882
24882
3272
24882
3272
3272
1125
16937
5064
26987
35765
8996
24882
24882
29261
22290
3272
24882
26699
4318
22207
3272
39390
3272
42393
17748
24882
24823
12221
30593
9502
14042
24882
35184
25419
16750
26046
10894
10964
24882
30714
24902
3272
28544
27987
14611
26449
11171
30597
24882
24882
24882
35142
24882
24882
3272
11254
30963
18439
1366
4989
18944
24102
24526
18158
6979
28825
28302
21878
24882
7425
4994
31853
36191
31562
24882
22489
31104
24882
3272
27217
9838
3272
24882
33351
11889
4256
98
24882
28130
18556
27748
29354
13756
24882
1980
5466
20140
24882
4088
24882
24882
11917
25629
27767
3272
24882
31722
734
37704
26228
8027
24701
17495
25219
43016
14665
33192
24882
24882
24882
24882
46145
5891
13889
18602
10553
24882
24882
24882
24882
30661
12928
24882
244
24882
6184
3272
18594
43732
3272
29759
36657
3470
3272
24882
3272
29871
24882
44923
19361
11189
9980
24882
24882
24882
40517
26114
24882
27795
24882
24882
6261
24882
24882
33504
39350
21263
37186
24882
24882
25585
28557
24882
24363
12003
35388
24882
27326
19275
9826
25188
3272
712
18596
7641
13984
7620
11853
17513
16712
41147
3272
7996
37491
36592
12408
43385
15355
28371
8986
27763
6658
43492
26080
5652
24882
25720
24882
24882
27257
24882
26304
6405
4336
25789
27260
2150
23377
18131
25013
14389
2519
28166
28987
30462
24882
24882
28831
24882
33158
24841
24882
24882
29298
363
37426
41890
25995
3272
32480
24882
24678
13782
21491
24882
10615
3872
3272
45764
24150
2669
28140
24463
30908
8133
18371
33258
28965
6592
24882
24882
24882
27405
30921
24882
42290
3272
24882
30024
9046
30777
24882
24882
40700
5920
26673
10013
327
28685
24882
29375
23084
24882
12888
39984
36065
40061
24882
9487
23520
30198
24882
33935
18539
6203
27537
22470
24882
23540
24882
27851
24882
38793
39954
10760
12671
24882
24882
24882
24281
38379
15796
21919
20836
35429
24882
24882
428
42177
24882
27738
23209
22048
5746
13032
24882
4433
27671
26757
12570
29425
16457
8909
10830
24882
28398
20535
40594
4151
26271
24882
5610
25077
30116
24882
24882
24882
5728
24882
12943
24882
29151
17964
43301
31555
29204
29851
24882
32124
38658
26462
29038
30863
3632
29635
41297
24882
31042
40247
15540
24326
24882
19689
13372
11056
3272
39146
25381
24882
10699
41336
25941
24882
13938
36076
9415
3183
3272
36455
24882
25582
19220
21523
24882
23182
18988
9584
3272
38853
28158
24882
29644
43624
31091
8070
30858
3272
24882
24882
10530
24882
24707
13169
28239
3880
3646
29032
11719
24882
3701
25887
45236
36360
30517
25761
24882
4866
8408
24882
3866
24882
24882
5056
24624
3511
24882
24882
11632
24882
10203
8123
4958
36711
5787
17210
24882
42758
40238
25753
26820
22437
12016
4575
35973
24882
2943
30430
24882
34627
24882
5790
42538
3272
27455
5014
24882
24882
381
28804
45546
25546
44662
6676
26956
6544
24882
29497
27506
12151
25942
21207
31216
38655
7075
28350
24882
28889
4220
6264
25105
9038
24882
35802
10476
3272
22920
24882
24882
15908
5627
44296
12730
45335
39376
9290
3587
42180
24882
12806
27338
32264
24882
24882
11392
27005
32511
30326
28590
24314
781
24130
24882
15098
24882
25073
6090
24882
4462
41402
28173
45945
24882
5757
22710
29397
7645
28909
24882
24882
15438
19473
13971
10202
4782
24882
13927
42425
19633
24882
30988
32232
12829
24882
24882
24882
24882
31469
36069
24882
11586
22846
29308
24290
28088
27559
3272
28667
24882
25265
26053
24465
24882
24882
28582
15601
23775
17206
24882
26202
24882
24882
27873
24882
28276
135
14297
11847
3272
8782
24882
19056
29437
41097
3272
12174
24882
24882
13735
38261
16078
24882
41991
25079
24882
27228
11203
29320
23728
12734
6241
45305
8595
32914
22945
25430
24882
43532
380
3272
344
8420
24882
24882
10062
39142
3308
25878
24882
7531
24882
10129
24882
44085
17872
38300
25265
21572
24882
17420
13744
24436
27466
33085
28033
40620
7536
28483
24882
24882
24882
24882
24882
44643
13275
21665
14897
11560
30762
7608
20335
18464
32052
24882
24882
2710
25729
27613
3272
30427
13755
26372
15468
27135
38567
29860
13329
30318
42309
24455
24882
42402
3272
13121
30175
3578
6386
35949
24882
39092
3272
3272
11940
4083
15946
24882
24882
24882
24882
24882
44046
24882
26149
24882
29801
25671
34944
20647
17660
13149
25616
25328
35757
43744
11460
38929
35748
28763
22302
34211
15222
23298
23
8816
24882
24882
10284
24757
7038
38663
7871
32675
25892
3272
3272
1050
20743
28082
8866
12812
807
31096
39771
5220
32541
24882
24882
14000
29895
24882
3272
17432
3413
24882
24882
24882
38259
11268
45916
24882
39362
24882
12608
24882
28837
10594
24882
24882
23428
29667
35678
28594
24882
24845
24882
4916
26989
24882
25156
7571
31215
24882
24882
24882
24882
9842
45686
27896
24882
24882
24882
39649
24882
3272
25793
24882
24882
18708
24882
29831
479
42552
27515
24882
24622
8856
37237
4819
32518
16486
1802
38094
18111
10261
5899
9756
23313
14099
34278
12969
24041
24882
24882
27760
24920
20580
34029
29799
25708
28896
41523
43072
40044
8744
24882
40172
9456
24882
24882
23148
3272
30194
24882
7788
24882
2
24882
30660
24967
30346
34276
21088
34626
41708
24882
3272
24882
39549
7819
24882
43913
25481
24882
2396
24882
7383
6392
4404
24882
24882
24882
31090
5463
30642
25535
24882
39705
27070
24432
24492
45645
28716
34314
36674
41585
24569
26025
8565
24951
3677
27302
24250
24882
24882
26740
9943
11582
6644
35056
23562
702
11838
21822
36703
39774
24876
24882
10128
25621
23605
24882
24882
24067
31963
22678
45212
24882
24882
23632
34605
24882
36607
10103
31880
24882
4707
29358
24882
7025
10400
24882
20404
38235
9766
24882
1084
24882
22571
24882
4966
24882
8696
44265
12572
27336
17946
24882
24882
7799
3351
24882
23144
43980
24882
24882
1500
4666
24882
890
25373
27428
30232
5363
8984
38781
12274
41755
24882
7863
40536
24882
3272
9853
36661
25722
7476
12708
30854
36833
24882
24584
27456
20959
24882
28555
5072
45382
15610
3648
24882
11837
6694
13565
24882
3272
34421
28440
24882
40950
22879
18589
24882
5200
6751
4882
7415
30858
17902
18720
24882
4536
18354
36513
24882
20451
29452
20938
35034
39141
17466
24882
24882
33162
24882
24882
37810
44468
24882
3272
25121
24882
29099
42491
8238
24882
26717
5785
26295
7474
24882
24882
24882
42450
18067
23211
24882
30167
24882
4492
24882
9791
25041
7437
20457
31027
3272
45565
24882
20724
7416
36550
24882
43878
43703
24882
30456
10616
21863
24624
21691
10988
21103
16998
13877
11351
21494
24882
27816
23101
24590
12426
13381
12769
32388
24882
5395
24616
24882
24882
42262
15115
20679
3272
24882
4578
34286
7979
30686
3272
41103
26068
3272
35797
42606
24151
4383
24882
28438
26751
7356
25613
24882
24882
23451
24882
19090
26529
25680
41889
9505
39832
9992
11252
6371
29902
24882
43419
32348
24882
30137
29005
24922
6303
10184
5894
27305
12297
39034
14166
40358
24882
24882
8824
14383
24882
7085
25392
24882
38682
27003
3272
7006
3714
24882
5462
24882
3956
24882
24882
40528
5535
45759
3272
14738
35314
24882
24882
10411
12261
14712
24882
3450
26176
24882
24882
25115
3272
24882
24882
24882
9310
35264
3272
26087
3272
24882
24882
24882
24882
30163
8983
24882
39198
22810
24882
31070
24882
6617
42293
24882
33545
24882
24882
24882
11951
43971
24882
24882
3944
25879
32821
35602
24882
25897
19102
24882
40103
14167
38033
11625
34124
24882
32773
3272
3272
22024
22584
782
26072
27191
24882
25853
24882
26014
40775
31982
24882
24882
31220
8007
12941
27110
13482
28061
24882
15
3272
31236
23818
28003
13841
14501
24882
17923
27727
10651
24882
45812
24882
7757
13422
24882
13619
29625
45539
8835
2687
6797
7693
24882
42959
24882
4379
14877
43628
6935
40748
36536
14859
27604
33031
25384
24882
24882
22457
2596
24882
15231
8059
37326
39008
42882
27185
17377
7457
3151
13867
14207
6001
15909
26931
7698
24882
24882
27450
23485
29643
34511
25234
31031
5091
24882
27315
24882
36819
24882
17203
39652
24882
33303
39590
30097
30817
23269
31212
24882
24882
25064
24882
29416
3272
13664
3272
27104
24882
7072
31297
27171
6779
24882
24882
24882
24882
15002
12253
28675
3272
8447
27410
28212
29248
24882
29682
8726
23109
14623
34562
14230
23163
45800
10789
24882
3644
40267
31766
16132
15592
45431
16880
18391
24882
44362
24882
1589
29682
17251
32087
1123
24882
12211
24882
29202
24882
24882
24882
45475
19096
24882
20033
24882
37082
265
26934
1902
9945
24882
13576
11838
24882
24882
17792
21769
12888
21645
24882
23884
24882
14751
35208
16141
24882
12560
9171
39702
12476
24779
24882
21845
29387
24882
12269
38187
25763
24882
1573
13553
43972
40601
24882
27864
7988
24882
24882
3272
2767
28852
28601
4892
26712
6250
23554
28525
40496
3821
34111
24882
24844
28026
24882
39902
22832
37520
12205
42061
857
18135
24882
3272
24441
9762
24882
23842
3272
11467
29709
24882
24882
44430
3272
34755
24789
24882
5241
6787
25917
13637
35062
3181
24882
14464
2763
27014
6607
34637
41087
24882
26991
30815
26517
1688
5415
28166
44495
3272
7703
24882
11911
24882
4694
25697
24882
20619
35202
40221
12212
24882
29404
38225
24882
24882
24882
34279
24882
6664
24026
39471
14193
45872
24882
27018
24882
6780
27204
24882
9115
7423
25123
41055
43369
30606
24882
24882
3272
44209
4784
26234
5038
36963
9525
3272
17823
24882
44557
8010
8233
15389
10974
21331
23034
24882
3272
23183
38631
24882
38780
43827
24882
25715
27108
24882
12093
3105
46014
45979
42719
34887
38027
24882
5808
27605
3272
6428
471
15160
11253
24389
25898
26319
23104
34729
14039
33927
24882
24882
24882
10106
41253
25833
27302
28973
2548
24882
28538
27433
20003
13258
24082
26935
9123
28780
25347
24882
24882
15522
24882
24596
10252
24882
6944
24882
24659
26457
24882
28161
24857
24882
24882
7293
24882
30756
28261
33901
4278
23545
12961
36331
14540
24882
21128
8622
25581
42557
5039
3272
24882
5949
32490
28919
24882
13406
9951
5569
3302
24978
3272
4138
10817
24882
11931
24882
35946
3272
8294
5801
30695
15132
24882
10071
2588
27013
25154
24882
6695
24882
20747
13871
17705
40785
24882
27647
25201
24882
25707
11194
29835
26839
22051
18160
3272
11228
7435
22681
28045
29826
12984
25537
40634
24882
20886
5289
25300
24882
15761
3851
9180
43269
24882
4678
29330
24882
24882
24882
21463
41784
24882
27046
26556
24882
3272
38015
24882
16407
23002
4779
17149
43868
3272
24882
24882
92
19601
25141
26162
24882
24882
30724
3272
3879
3272
24882
27933
3272
8669
7658
41618
21258
24882
24882
24882
26524
2765
28828
24882
32918
24882
33685
9535
23719
44015
22936
6091
24882
24882
24882
13800
24882
25516
35309
23627
27619
27733
34570
22526
12483
33793
24882
3134
24882
10985
6434
13530
43762
24882
1729
24882
24882
9304
24882
8284
27155
13703
31697
16324
28292
27354
2792
11945
28307
24882
30496
24882
24882
22980
33831
44678
30898
44197
24882
14236
2424
38462
24882
10786
16367
22032
2993
3272
22674
24882
8174
24882
23351
23892
1009
24882
45403
24882
5709
27149
28705
15767
3978
28870
8543
23502
24882
24882
30279
45753
26037
24882
24882
39687
26517
13613
3877
10495
24882
24882
25746
3272
28734
32739
9313
232
24882
9780
5874
24882
26873
24882
12118
10274
31759
37760
14355
23770
24882
25388
41941
10188
29442
24882
24882
27441
40542
24882
24882
24882
41209
960
1599
10229
23972
29606
37193
24882
10831
7893
24882
24882
44474
7091
32471
24882
43038
24882
26779
24882
2772
21995
24882
28649
24772
37123
17074
7513
3272
9141
28321
24882
8859
28801
5121
24882
27211
38907
24882
13879
40298
24882
43782
18044
24882
25607
24882
29229
24882
24882
24882
24882
25502
35472
17910
37149
28442
3272
27727
27967
24882
11179
11243
31205
24882
24882
24063
24882
35600
37079
10728
3272
34561
2623
29562
24882
13737
10942
4882
24886
32269
7707
24882
361
38521
24882
10922
11553
25095
23198
23659
1774
26456
24882
24882
4755
3272
25331
6052
3272
28231
31107
25819
7260
27347
5555
44092
31734
24882
26035
24882
14992
12368
14178
29108
29758
29136
19851
7447
26867
17475
2114
24882
18466
2400
45250
29128
12465
3272
45823
11091
24882
4964
35325
24882
24882
24882
895
6574
29604
27150
24882
25252
24882
44323
25675
29954
3044
25529
216
16043
24882
39213
13202
1836
32968
24882
31750
25441
24882
24882
27470
7081
24882
24882
24882
6498
24882
24882
34859
8215
11933
36303
26530
9530
21218
30936
23679
4445
43058
3790
15382
10982
37948
3272
13953
26293
40059
24882
5227
12784
28738
29869
4709
28042
1305
14381
6201
19522
24882
3210
18789
45694
4244
34423
5973
405
33785
24882
13512
15856
24882
37190
14334
24882
29192
22588
3272
24882
18187
25804
13273
3272
4409
38755
18483
42119
3272
38315
4543
1849
27126
24882
12164
24882
24882
23720
7415
18365
3272
20980
24882
16020
43774
16544
24882
30248
22679
34578
4892
29935
25150
5502
24882
24882
9325
12603
24882
24882
18957
14937
35725
4767
22468
24882
20661
41083
24882
24882
14974
24882
7885
4021
28021
7173
3141
18760
41748
24882
9536
24987
27924
6549
31006
19582
2895
3272
22223
33752
39285
24882
24882
24882
24882
5380
27889
24882
24882
24882
36818
13086
28422
30140
17446
29740
24882
362
40306
29646
38109
24882
15029
24882
2594
26419
12148
24882
29120
24882
32568
32025
37346
24882
3272
870
36753
24882
6744
44832
32306
6767
3272
27800
24882
8919
27071
30096
22070
14893
6708
28025
45992
24882
27192
26447
13731
27463
24882
3272
24882
21008
24882
4016
36239
24882
23376
3272
27490
16439
11483
26256
19511
22797
24882
1042
3272
3272
42389
40595
31184
45708
3272
13726
24882
24882
24882
28336
22986
24882
15676
9275
24882
24882
4596
25371
24882
45562
23125
24882
29358
24882
20078
24882
13028
38538
13558
24882
15789
29945
24882
19202
24882
36612
18084
34315
24882
30257
4958
15960
30937
43091
29972
26979
42113
44740
10204
42593
30235
36955
13397
27104
27484
43184
5931
28057
3272
29420
31587
24164
24882
27471
24882
36630
45426
42216
24882
24882
20101
20405
24882
24882
24882
24558
14124
11511
24764
12265
24882
13835
42796
24882
24882
24882
3272
14739
8275
3272
9099
12166
28820
2225
24882
24882
31943
28028
24882
474
38614
9772
38754
24882
24882
25244
24882
37156
9930
24882
37620
16917
24882
39401
26348
26317
24882
45493
29165
24882
8299
3272
42063
12150
41306
30102
3272
3272
24882
33310
24882
9702
11696
2586
24882
24882
35259
12606
7275
19593
24882
24548
28146
17024
24882
24882
7495
24882
28572
7122
5022
24882
12909
43430
20738
24882
26914
24882
17703
24882
24882
24882
39999
24882
26448
13973
24882
8947
16343
9146
43231
13806
24882
26426
30687
3272
24882
13923
27656
24882
31069
28484
30510
24882
41913
27103
6586
24882
37421
10136
23702
11342
38058
24882
27294
7587
8928
13666
24882
24882
33487
8893
24882
29223
29451
31649
8341
4063
18574
10707
24882
31088
30453
31196
29398
20118
24882
24882
4824
40116
24882
41418
14412
510
29900
23627
24882
25288
24985
10404
40343
24882
36794
29561
3272
12268
23245
24882
24882
24882
11453
24882
19227
40667
24882
26539
24454
24882
19493
4833
28615
29311
26636
16217
3706
28413
44750
15235
42294
28772
25725
10569
23403
8700
26935
41813
33690
31907
24882
17010
11257
2739
44854
9972
22944
25624
37927
31011
3272
17025
13104
24882
28501
9282
41814
22240
24882
3272
44191
26514
24882
17301
2448
28696
43378
30224
26215
34489
24882
26585
625
12345
2976
24882
24882
24846
9582
26794
24882
7743
10145
24882
27267
4135
37754
24882
24882
29240
24882
10178
37086
28043
24882
24882
32513
24882
30807
28814
24882
24882
24882
13570
15166
34473
24882
45841
24882
6876
36351
15427
24882
10565
16291
9381
3590
42368
43513
24882
24882
24247
30634
24882
24882
27310
14061
32116
28725
31217
24882
24882
29054
44014
29496
24882
45536
24882
25533
24882
28067
12198
11050
8478
9556
33911
4846
9719
39363
24882
25766
9861
36396
42388
44307
763
24882
24882
28377
3272
4536
13746
6681
28890
24882
8376
24882
17013
29743
25599
40617
25623
24882
31185
22570
29034
15227
24882
25095
10774
1024
433
36397
28591
24882
35611
42592
38952
3594
8462
3272
24882
1576
4192
30175
24882
22524
8317
24882
19806
28260
36490
7386
24882
29556
25854
41892
3272
24882
24882
24882
29200
30081
14117
15649
24882
45993
22200
5339
25440
33014
24946
16146
24882
29163
24882
31127
26340
36251
24882
29706
40325
29498
36133
11114
13477
27488
16209
35387
27503
25599
31020
13000
27624
24882
7306
13920
9393
24882
24882
35157
7686
21355
26597
16536
7220
4074
23393
3272
24882
24882
3272
18324
3272
6846
24882
24882
5378
10848
29374
3895
24882
2698
24882
24882
27327
41049
24676
6865
24882
11082
30511
3316
3538
7609
25933
28316
24882
14333
20914
3272
26751
29147
24882
26974
33688
17162
31836
24882
24882
8839
24882
24882
18257
3272
24882
12614
3272
12101
17047
3800
463
24405
24882
24882
24270
31134
3272
8429
24882
21639
27211
24882
25698
24882
24882
6928
26555
24539
11410
24882
1595
43120
27096
19569
13627
8358
24882
24882
24882
12813
24882
27391
11016
9488
35722
24882
16379
28046
13518
31092
24882
24882
36184
24882
43295
28885
30219
25934
3272
25310
24882
28460
3272
12536
15310
4791
473
28273
44767
24882
8407
7358
26678
11100
24882
24882
20458
28203
3272
24882
16684
3272
24882
38728
24882
24882
13514
30562
24882
24882
42770
24882
24882
1708
2094
12107
29761
12031
29100
28857
6655
24882
32259
24882
29605
9778
24882
24882
3584
24882
13297
22624
29778
3272
24882
31037
24882
24882
30182
13458
19870
24882
5713
3272
11540
3272
12398
34689
45888
24882
30202
36464
28835
42358
3272
15800
24882
24818
21911
18288
26287
9288
7219
30901
2122
24882
24882
27709
24054
24882
9966
42787
24882
29154
8886
17568
24882
25678
24882
24882
24882
34954
14152
29570
8404
10454
24882
24882
1789
33934
36895
24882
31939
42914
24882
1484
11236
5770
24882
37581
11210
24882
11578
35122
24285
29624
8694
35207
36029
29834
24882
14851
31709
24882
13650
18756
39233
37040
24882
4650
24882
30869
30241
45055
18177
24882
29819
6012
24882
26069
27792
34184
30385
3272
24882
11507
37643
39587
25350
10685
4693
26463
24882
30983
855
6605
37478
7939
26324
29888
45991
11128
33681
24882
34146
15775
26511
24882
26881
25826
28678
24440
30979
28795
37514
24882
8010
24461
12642
3272
1603
11321
45974
24882
3755
1055
10088
38812
24882
24882
27473
4881
24882
13942
24882
24882
28462
3272
26298
12690
3650
11858
24882
18993
29122
24882
28097
42171
42977
24882
29242
2796
27482
36260
13786
31357
37312
37848
24882
43438
20244
27967
17383
33794
24882
46059
19852
24882
1236
26852
902
26468
7786
24882
24882
24882
28545
20114
29719
3989
12352
5898
4842
22104
24882
3837
24882
29258
458
24882
6548
24882
12708
27874
24882
24882
24882
9465
29845
15549
24106
24882
30645
24882
24882
3272
38312
42654
13167
2119
23162
30306
27436
30189
5218
22412
11028
5682
23603
24882
24882
9606
24882
21277
11636
26454
31348
43458
13618
44347
14537
20845
35586
24882
1701
9910
24882
43724
6514
24882
34407
2151
3272
26848
32626
26367
24882
24882
28739
26661
33027
10667
30556
24882
40790
30401
24882
22304
27496
30479
24882
33865
30506
41542
32613
26542
5592
13226
25556
26736
13487
24606
3272
45173
29157
23390
11508
32695
30555
24882
45046
7413
25864
18443
27335
23180
11295
25156
24882
3272
36827
13856
17547
24882
249
28521
45288
25231
10200
24882
10601
10932
26794
29249
13394
42178
24882
32320
37255
24882
25720
42130
25669
7028
10941
24882
4270
24882
12729
36503
28000
34515
31117
24882
24882
24882
27258
35598
12905
5114
24882
13868
8002
24882
23797
28345
18381
26272
13892
11992
24882
29340
24882
24882
31200
30550
8658
15520
24882
24882
14419
32706
18472
35124
20967
26664
3272
4328
23237
3272
20993
29485
28032
29313
18309
10607
24882
24882
29667
27596
13116
24882
9573
24882
24882
24882
7426
44656
26512
25481
24882
35886
26583
24882
21568
7503
24882
26546
8612
24882
29874
5136
24882
24882
22393
28393
18850
24882
24882
3272
38275
4272
24882
3936
28148
39314
38894
39291
24882
28726
24882
24882
35080
36179
4135
24882
9229
3272
24882
33863
24882
44512
27060
17008
27932
30565
11252
24882
32552
24882
22504
25319
22152
4199
26799
19400
35326
24882
13307
3833
26585
29123
26289
24882
24882
30351
6346
5249
9440
12437
3272
3272
24882
10536
12675
12445
31828
24882
29948
2621
40885
5188
42226
38711
8760
24882
9755
40507
34805
38484
25675
33034
24882
9123
20215
24882
25660
40695
24882
4013
15126
5144
39454
20687
23147
24882
42069
26903
617
28271
42338
24882
9277
15794
24882
28010
24882
9198
28975
22353
3379
24882
42826
3272
41475
25848
30615
177
21212
20235
24882
5629
16238
24882
9869
8424
24882
26793
5823
20741
12079
12810
24882
33758
32934
29857
24882
42114
37536
24882
28805
24882
24882
7546
21689
6807
26207
11583
25634
24882
31891
33077
16056
13539
13428
12678
24882
24193
44305
29901
3272
28928
23991
29193
26049
1428
24882
24882
11215
11373
45261
37317
5325
5019
20277
9848
7370
3272
4424
24060
24882
25835
13459
24882
29628
21537
24882
22101
42460
24882
24882
24882
3609
9451
24882
28072
29853
24882
29435
24882
16286
45044
3272
28432
24882
23787
24882
28350
24882
6489
24882
40148
23094
24882
24882
24882
16242
15858
11407
4542
4254
20764
19940
29781
24882
24882
34839
24776
863
35170
32618
38642
25051
8227
13850
24882
13625
24882
24882
24882
24882
3272
9057
30201
24721
24882
3272
24882
26615
24882
22117
21289
30008
8124
4038
3146
3272
24445
6935
18310
17776
11168
24882
28804
24882
24909
30048
18496
24882
3815
24882
26098
25716
578
24882
37395
28722
43667
24882
27144
3272
36559
31545
25556
25395
24882
12797
24882
25291
30997
9267
1197
21178
29361
5172
26920
8583
11906
3698
3272
32249
3272
24882
24882
42741
24882
3152
24882
212
13592
8062
23867
16532
24882
27593
40093
3272
24882
3362
3471
29578
24882
24882
24882
27885
24914
9455
10539
32529
10817
14758
24882
9482
24267
4390
33202
10608
17439
32812
7798
7189
24882
21179
24882
19558
30425
24882
12456
24882
1023
27968
36841
41228
34363
27687
24882
31093
7036
26270
34856
4622
25624
24882
11953
3272
8338
14266
6751
29094
25691
38612
24296
30706
7377
14033
24882
24882
22350
6659
44779
23285
24882
24882
35534
24882
40300
24882
23359
32542
11210
27585
28048
9744
42172
19364
12063
26389
44286
8854
29786
3272
24882
35581
43760
28188
7595
24882
8217
24882
26702
24882
14875
24882
19000
4054
68
27828
12582
24882
29637
3272
37453
12589
24882
30786
24882
29662
28944
3308
43317
19439
44035
40467
3797
31181
16350
29757
40265
2775
24882
41033
22367
42782
35956
24882
24882
24882
24882
24882
41735
34565
25641
24882
26621
27657
5519
24882
24882
25258
9827
24882
24882
26148
8940
22750
13798
29584
13240
38154
11972
16595
31417
8160
3419
44409
1463
23849
10719
24882
1568
26833
24882
24973
26498
45251
11164
43666
24882
24882
30809
24882
11443
19824
33882
13216
34901
4559
40141
27676
39329
24882
24882
24882
3328
26259
27669
40698
5295
42901
21881
10855
28206
33203
33484
24882
5061
4420
24882
34159
3272
24882
8019
16341
27929
3272
24397
27833
30497
21759
24882
27603
14497
8754
24882
11197
24882
3272
10574
1986
18302
24882
8582
44794
43057
16505
7662
32071
12826
6793
24882
6056
24882
24882
24275
4203
24791
15362
31723
32063
22173
31975
24882
5123
35144
29694
10931
5979
30419
25699
25014
10011
28902
21663
31448
30818
38666
29733
29407
24882
24882
24882
7768
2668
20466
24882
24882
44685
24882
24882
24466
6502
14205
24882
37315
24882
43854
29109
24882
24882
24882
31579
5219
9126
24882
45809
36668
8361
27068
6071
14535
28367
44545
39246
26227
24882
7331
5306
24882
24882
4311
25191
4487
24882
29332
4129
8644
8197
45647
3272
7569
13665
24882
12105
24586
45677
29561
16724
24882
3480
44738
12409
23745
3702
25124
3077
13785
24882
22490
20398
5196
34141
41467
36831
31053
17985
33652
29722
24882
37986
41981
24882
34989
29746
24882
22970
26019
32435
38393
7033
24882
24882
12538
27100
24882
14414
24291
7821
30620
6535
24882
24882
32554
27153
7261
24882
43062
24882
10160
24882
16986
18778
8235
6557
14526
30315
24882
11452
37111
31806
28755
24882
16835
32291
16985
26095
24520
40685
24882
32530
30329
42683
7125
5289
26216
22545
24882
37804
24882
24882
24882
24135
20053
29086
19423
37448
3218
3423
22946
12355
24882
1915
4069
26001
24882
28964
23767
9248
26084
32451
2351
3272
4155
24859
28784
24029
43673
27043
36525
24882
24882
24882
3272
27824
38576
23951
5143
24882
29792
10889
28851
44150
18126
24882
23246
24882
24882
31480
24882
30139
5166
24882
9448
7357
8359
8115
24882
928
7107
24882
14841
2465
27524
24882
33857
34083
13464
19507
22005
44385
44940
40535
6784
24882
4056
35901
24882
26665
26808
24575
2246
18819
24062
859
28345
13436
32332
3667
10675
25013
3700
16173
24882
26173
37687
15852
13655
28968
38723
3272
10543
24882
8933
24882
5905
9630
24882
5691
21770
802
12978
5540
29360
24882
3272
15944
14918
24882
3272
28142
24882
11707
3272
24882
24882
24882
16084
24882
24882
11028
25562
39343
6922
24882
6036
29812
3272
4625
24882
998
3272
6943
20616
36855
33407
24882
12493
42643
41451
28764
34798
25274
28191
24882
2952
20617
24882
30817
32482
11613
21707
34353
3908
3482
24882
12756
11371
8505
2753
30356
25593
4201
14057
11912
13839
10836
20318
20454
27426
24882
411
40978
12740
36180
5189
8705
22906
3447
4032
24882
29334
30596
24882
5719
29155
32177
29371
24882
3272
24882
4559
24882
24882
41588
8535
24882
22729
24882
11111
8088
24882
3822
31261
24882
29237
3272
24882
8061
11291
10232
24882
28168
45452
24882
25337
9510
24882
36157
26808
24882
40830
14439
24882
44214
24882
3272
29574
24882
25476
25822
24882
21365
24882
18923
35932
10606
24882
24911
24882
30668
24882
3272
32556
19233
3272
16393
24882
24882
28976
38828
28421
24882
24382
30357
45206
24882
42598
28213
24882
20181
27219
6833
25882
25661
20259
24882
39078
20633
9682
25855
24882
44499
20124
36476
9728
33814
26213
3272
5360
24882
27201
24795
1258
2087
25580
3272
24882
10394
31477
24882
10322
24882
13873
29765
26416
40158
24882
8079
6548
24882
30521
11326
30114
24882
24882
24882
29482
27302
17696
24882
28228
218
34540
15790
7841
2998
15129
11712
8112
25940
24882
13924
24882
26704
4834
30151
40278
8329
34292
24882
6924
14039
3625
24882
24882
44475
30242
25538
7916
24882
28516
13864
39974
13432
24882
41235
25227
5854
24502
13474
24882
24882
13137
14415
3272
38714
21602
26094
29535
24882
32987
24882
24882
10764
30372
11449
24620
43853
34979
4011
635
12255
27781
17208
24882
44973
3559
13735
22843
30082
10946
18982
8641
8114
35460
13991
32894
8752
24882
11594
28072
30045
4668
24882
9029
11912
17362
31918
4722
24882
3272
9814
24882
17485
24882
20575
24882
4276
24882
24882
22615
1525
24882
24471
24882
24882
35806
30352
29836
9670
24882
12464
32994
8362
16165
24882
34812
21408
24882
3811
30107
11768
3272
10053
24469
24882
27723
9770
24882
24882
28337
15397
43366
3272
24882
31780
23657
6499
24882
24882
8628
24882
24882
24882
36211
24882
24882
24882
398
5057
21709
3272
39483
24882
24882
24882
8846
24882
30392
24882
7825
34906
20925
42874
7403
37654
24882
13220
30472
14328
24882
24882
24882
3535
29823
24882
24882
24882
39528
8230
1543
16284
24882
39950
23022
16288
25239
24882
14403
29970
24882
12424
24882
24882
37658
29109
30965
29655
7003
33249
24882
24882
14024
26333
37879
7944
12273
24882
10256
24882
21201
7266
8030
21735
13775
32472
29555
4018
8391
24964
21254
25907
38421
3272
24882
24882
4877
27065
30715
41833
24882
26136
29465
17949
11984
28528
32201
3931
10728
26309
24882
27562
31455
8437
24882
43963
24882
35866
44715
9674
30240
4734
24882
23570
31436
19796
11725
45186
23535
24882
24882
7152
33631
26297
22629
24882
26416
10251
24882
23580
8521
11922
11428
3057
24882
26398
22045
32117
13814
18522
24882
42492
24882
27065
17226
26012
30537
22585
45474
43030
4634
36860
20376
6566
24882
31391
24882
27070
24882
29439
24882
24655
45114
24882
29463
24882
24882
24882
24882
4377
7388
22516
24882
30636
24882
25061
37775
3272
24882
24882
29038
8372
24882
22106
28752
574
24882
322
39475
2358
26795
24882
40632
6741
10640
26154
24563
25491
19180
24882
24850
24882
24882
24882
24882
6797
12484
24882
13201
1852
25424
3272
5963
28220
33030
24882
32082
11035
3834
27312
42337
24978
9349
29493
42357
26473
12015
10118
24882
9570
30440
3272
26767
3272
11276
34784
28514
5278
7969
3272
19268
25180
29377
14238
24882
25026
24196
38016
31302
21055
31252
43794
24882
3272
29765
13068
14299
45480
24835
29356
8286
1165
27009
13354
35954
28121
26566
18447
29193
28519
24882
7963
11665
24882
14307
24882
45883
24882
30911
10808
28863
43043
25214
31259
2382
10541
24882
6974
44390
148
24980
24882
24882
25161
37277
30862
24882
28578
26192
35894
24882
3978
5327
22665
20674
24882
24882
24882
13031
3722
24882
24882
12578
1425
3787
27632
26933
24882
12344
31452
42549
24882
27339
28916
24882
16113
38758
24882
24882
35082
24882
5323
39608
24882
16383
29102
30440
2677
24882
2038
24882
5923
24508
24882
32868
33942
31315
35589
45404
7293
24882
38470
20536
5637
26589
32200
24882
15926
24866
3190
24882
19015
24882
5368
4462
20278
12694
20408
24882
28881
30079
1917
10461
32874
24882
31230
8904
40869
29085
24882
34485
3779
19003
34310
28129
16412
13128
8431
24882
24882
25861
30999
38810
22161
38553
21038
25594
20048
43537
21196
30908
27178
6269
12925
30479
20352
11488
24882
3272
5271
7755
45506
7974
24882
69
34823
24882
26957
24882
6828
27208
28100
33213
11164
18404
24882
24882
25025
24882
24882
24882
29311
24837
24882
3943
5265
24882
26352
24882
41928
8944
12087
42670
4557
40789
4585
3612
3272
24882
12103
45132
24882
22691
34428
24882
45036
24882
24882
38891
24882
33704
24882
30949
31109
4045
3272
27473
30776
22534
28690
33871
24882
26619
6773
26357
11882
29634
6551
7432
44079
24882
24882
28867
32380
11687
12382
20532
29546
43194
35659
24882
20936
24882
29385
1734
24882
25851
26340
24882
29476
28924
27339
27559
27042
24882
24882
9124
4646
21725
39600
6610
36603
32131
37510
9224
30843
24882
28829
33134
10065
544
6362
24432
24882
24882
28156
39782
16913
11977
13243
41327
29354
9511
24882
30540
28102
24882
25989
24411
29820
36107
27746
24882
5977
6637
23566
28568
22742
24882
27979
34896
24882
37007
29002
24882
4202
29181
27791
30307
18100
21028
27693
4156
24882
27088
4670
10141
18835
13442
26546
24336
45977
24882
14542
6483
7654
11487
6622
10923
24882
38851
24882
24882
11523
24882
24882
24894
6501
24882
29838
42028
24882
24593
3239
38420
626
4167
24882
4501
24882
19951
35500
24882
13828
39044
31945
40464
24882
24882
43434
24882
3272
24882
749
26315
41747
10035
24882
12451
24882
24882
17271
10050
23793
8899
24882
24882
24882
27083
28189
31159
3272
22443
4914
27775
24882
13954
34937
27612
30586
44126
24882
14654
6445
24882
24595
24882
11939
7947
22583
24506
24882
22573
20348
6978
24882
24882
8972
28270
29169
24882
22992
24882
8209
24882
9759
34872
3272
4920
10198
36214
28641
24882
19804
24882
14753
25005
38059
28169
26401
29119
24678
30190
13212
24882
24882
35887
43953
24923
24882
5752
980
24882
4611
15606
24649
40145
3243
28908
44795
41674
30859
38467
26363
42392
29772
38480
11411
24882
23181
36116
24882
28319
6628
10052
3427
24882
32062
24882
41288
28569
24882
26279
14534
26424
7485
24882
24279
30350
34881
13779
31677
7147
34075
17990
45780
3272
24882
39190
24882
24882
23586
3272
32698
23308
31550
24882
24882
16619
3272
41419
7778
27897
4437
44258
25704
25320
10605
9714
11868
24882
41113
24882
24882
24882
42146
3272
23135
2947
24882
13335
12156
10179
4669
38970
30975
36667
4941
24882
24882
24043
24360
23654
18865
4186
35727
32224
13893
8656
43318
24882
25517
15991
4944
3272
9482
1541
36613
42050
25457
44357
24882
29595
17970
11574
30526
5727
24882
24882
30878
26157
24882
24882
24882
24882
25054
3640
24882
29712
24882
24882
24882
25479
9285
29946
7427
32570
24882
19443
41740
11350
39073
6491
12388
28274
24882
6512
23634
24882
26694
6777
39428
27333
30870
23972
6978
24882
14593
30050
30528
33277
24882
35331
6962
24882
24882
12631
14065
26566
14438
24057
13781
21053
39333
24882
14603
30799
36934
43162
26509
2793
24882
24882
2950
24882
4725
4758
23549
18847
12698
18227
11152
38537
28332
24882
16071
4189
24882
20074
26115
44966
23527
24882
28070
16726
24540
7670
32421
24882
27996
3339
8703
24882
44615
23486
24882
10674
1697
39104
8952
24882
27954
24882
24882
6311
35412
24882
34152
24882
23255
24882
5310
44444
27947
25093
23549
24882
1076
28241
24882
22928
19670
11704
24882
17398
9307
33530
24882
24882
24882
43937
7376
29316
9730
41900
24882
11755
30401
31015
22429
25812
30923
27090
29786
25170
28410
29563
28486
24882
6326
24882
26222
14106
24882
11004
24882
29483
24882
30180
24882
39533
24882
40573
125
33641
25615
33283
31667
24882
24882
3272
3272
28312
1775
12737
24882
27675
33536
24882
33389
3185
17723
24882
7249
3272
24882
27662
13561
29037
24882
24882
3925
4576
25044
24871
25938
24862
5430
24882
24882
26111
38852
39626
6268
5262
24210
1047
34544
23266
20062
28704
24882
5843
826
4327
3272
26938
25945
6881
27348
3272
25166
23579
3272
29224
41378
24882
20719
25761
30278
2773
26845
6829
24882
24882
7032
29076
13385
35599
39619
24882
39821
12008
6557
24882
4562
23265
24882
7178
37846
24882
45279
17262
5532
22741
24882
24882
38270
17564
9570
28347
24882
27769
26099
24882
14131
787
29464
1638
18845
9015
10745
32603
24882
1488
24882
24882
24882
41711
24882
33770
32596
20597
6861
28487
36327
24882
16967
3290
29932
25143
24882
24882
29335
7246
29284
15952
24882
24882
8980
4764
16488
3272
24882
24882
26982
12725
7880
11354
40872
1350
24882
10445
24882
26642
25625
25813
42931
24034
21674
41898
3272
3530
800
35439
28107
24882
6120
27610
34675
24882
24882
5016
3272
38324
11669
26418
28431
24882
42533
18924
24973
22711
12299
38292
12877
25887
35182
25846
24882
13599
26734
5414
36375
23960
17799
20494
24882
10436
6458
3272
41809
23501
28690
3272
9041
8752
24882
24882
22647
3272
13709
2171
12376
9258
27465
30992
20854
16964
29009
24882
23889
20333
19755
12334
4803
25267
30193
34602
9796
2893
29903
4172
6545
24882
24882
30447
13377
37284
1080
4069
13324
25317
27667
24605
25201
25768
24882
24882
26792
29487
24987
2309
24882
3272
44448
25009
41305
28299
37122
24882
24882
26487
8897
7484
23094
24882
24882
3272
24882
26039
36158
34282
6565
24882
25284
12157
24882
27603
24882
35752
3272
24882
10777
24882
40477
24882
25803
4924
14234
28115
26523
29432
24882
11886
927
24882
24882
17118
24882
24882
695
33378
2285
7320
8052
14092
29180
34343
36033
8854
34613
30466
4182
24882
27015
29230
24882
35032
13750
24133
4067
29612
12200
27466
42689
11255
6357
3022
15332
24882
13767
9999
26570
26018
25525
24882
9835
35986
21059
24882
7582
24882
24882
8968
28206
7887
18033
28886
17827
24882
34855
39247
13855
24040
10243
29282
43021
19216
24882
42283
44141
9200
16425
26793
5205
24882
8926
24882
11233
41304
24882
32836
24882
24882
24882
10446
24359
18327
30712
17510
43083
24882
30522
26047
24882
3272
6518
24882
24882
24882
40408
41690
24882
24882
27554
4175
14791
29858
5644
1570
24882
23518
32070
3272
13940
24882
18523
24882
9470
28459
28329
38096
19729
3990
24882
3272
24882
21647
11763
24882
29751
10678
32141
7319
39601
9981
38440
7845
21482
44104
3272
24882
31308
24882
31329
28352
28631
16163
3446
24882
27698
24882
33601
10827
22827
29821
2606
12119
29066
24882
5919
36346
39772
17033
8374
19188
24954
24882
2511
25326
29251
6263
25835
12186
26625
24882
28216
44162
24882
38664
26232
24882
24882
29357
20610
99
6475
24882
13034
25985
24882
40555
37740
37325
12644
25762
28546
28039
24882
34792
24882
24882
37780
23349
24882
10725
43453
26111
21585
24882
44507
12721
3272
4545
24882
15651
24882
5141
11055
24882
27430
24882
9087
4414
20538
25114
40585
8912
24882
30671
8761
28272
13423
7537
24882
30775
4875
24882
28145
14125
25714
41761
8002
27459
28327
7931
24882
26104
24882
35005
41865
27465
24747
30683
40284
24882
24882
24882
24882
8527
16089
24882
24882
9775
23828
24882
3137
36447
27290
27132
3272
20353
13330
4293
24882
5718
24882
31512
35231
15048
24882
32853
9384
12192
9826
26656
19122
30433
24882
24882
24882
24882
16863
21163
46020
37228
6672
36647
24882
24882
29688
24882
9007
23465
27487
24882
27635
25530
15594
4134
8131
24882
6239
24882
24882
5633
5869
27755
3272
30632
24882
24882
2420
16775
20873
29557
24882
27122
22190
7604
3272
6679
27624
3272
18782
24882
41796
38063
37490
26798
2549
22596
24882
18898
3582
23311
24882
24882
9702
9376
24882
3272
8871
24882
24882
24882
8923
21291
5387
28773
13512
25084
9564
13012
25764
2721
30397
25936
3272
24882
24882
25450
24882
27365
10474
11473
24882
29262
27757
24882
37463
24882
9092
7618
27698
24882
43432
31062
24882
15391
12555
24882
731
2625
24882
25107
34814
24882
32492
13632
14096
15052
10901
24882
29754
25848
28019
24882
20387
24882
42739
24882
24882
7017
39930
24882
24882
3272
33891
26467
37442
24882
27561
24882
30729
10864
36623
24998
3272
