100
239 140 452 433 290 388 204 391 425 430 179 205 390 314 478 147 276 176 13 330 144 294 483 464 358 122 469 381 354 220 181 419 281 175 431 148 470 32 136 439 404 162 157 481 338 216 374 252 336 269 416 99 139 318 215 465 68 96 461 201 493 287 486 193 18 446 315 121 498 453 166 233 467 25 250 61 378 170 278 217 450 95 447 246 262 303 45 368 230 158 46 72 282 138 11 143 64 115 156 155 
277 401 422 226 23 255 443 245 88 212 237 447 259 48 411 354 415 71 473 109 177 111 258 239 107 70 167 66 317 136 205 152 407 266 79 474 22 225 381 173 436 327 42 290 214 47 80 336 396 388 154 449 248 322 297 273 18 21 183 362 416 335 256 229 380 426 56 476 463 65 487 312 316 249 296 1 276 235 193 324 197 472 330 91 144 261 488 199 295 452 479 339 94 331 31 68 189 253 365 105 
100
312 151
83 452
128 90
172 127
380 483
241 32
22 236
344 444
227 415
369 85
4 340
443 23
14 197
69 63
140 182
372 347
299 440
198 399
94 10
109 50
155 457
303 75
186 95
192 294
352 251
390 116
300 157
33 439
34 169
44 400
257 437
15 24
456 297
428 225
229 290
253 212
111 411
447 392
328 317
490 395
368 472
163 115
375 274
103 202
177 224
259 61
261 196
178 391
49 394
350 98
96 308
387 419
99 100
254 252
260 107
271 453
339 27
209 80
287 145
325 142
378 295
173 3
156 358
13 245
74 20
298 386
438 185
268 289
468 461
292 232
278 462
255 91
393 361
307 285
39 460
244 58
270 124
366 118
359 288
79 166
59 42
67 193
70 102
31 135
256 277
106 37
175 125
474 84
26 291
62 200
47 396
495 68
269 280
77 167
442 276
123 494
164 385
86 162
216 2
410 134
