100
126 96 135 184 268 260 255 35 53 156 31 64 199 298 9 203 63 13 176 217 69 129 168 174 85 55 45 281 99 65 220 244 196 164 14 72 236 62 205 186 159 179 229 263 73 185 98 233 74 2 258 265 30 117 145 144 80 16 235 201 124 147 121 54 150 183 288 116 273 61 115 89 243 23 167 231 103 248 278 180 137 20 226 133 118 162 67 206 230 240 249 68 101 87 120 158 76 34 38 234 
7 145 228 209 274 40 247 89 224 210 161 143 28 114 117 34 125 127 238 46 63 15 208 211 220 129 205 288 38 98 80 64 31 19 6 50 99 14 75 108 257 191 44 20 100 116 131 200 106 187 78 118 62 55 67 216 126 201 83 267 281 154 202 70 195 69 263 104 74 180 295 221 147 244 8 87 120 184 207 25 225 174 198 54 59 259 124 280 300 283 179 21 41 113 112 223 146 79 172 42 
100
1 71
52 15
36 70
61 26
84 64
89 55
29 28
27 26
78 63
1 5
99 30
56 9
35 36
16 3
53 25
39 85
43 71
80 17
54 28
98 18
7 6
51 85
78 2
48 77
24 93
70 80
58 63
81 69
48 23
86 38
39 2
11 94
69 52
74 57
47 34
46 96
45 57
41 80
44 0
7 21
43 49
22 83
18 79
96 47
77 62
57 15
69 40
97 94
75 14
61 85
45 31
59 51
54 51
13 90
53 48
95 61
65 92
62 71
84 35
10 46
95 0
81 23
76 17
32 19
21 8
62 97
29 74
31 37
79 73
45 37
9 1
14 55
49 60
88 20
98 13
24 30
7 18
13 68
77 68
81 35
34 29
52 49
32 6
34 20
38 42
73 12
16 97
72 31
21 12
87 76
11 27
91 3
94 70
68 56
4 14
96 79
11 32
30 73
47 28
92 40
